 313.52576
 313.52576
 313.52576
 313.52576
 313.52576
 313.52576
 313.52576
 313.52576
 313.52576
 313.52576
 313.52576
 313.52576
 313.52576
 313.52576
 313.52576
 313.52576
 313.52576
 313.52576
 313.52576
 313.52576
 313.52576
 313.52576
 313.52576
 313.52576
 313.52576
 313.52576
 313.52576
 313.52576
 313.52576
 313.52576
 313.52576
 313.52576
 313.52576
 313.52576
 313.52576
 313.52576
 313.52576
 313.52576
 313.52576
 313.52576
 313.52576
 313.52576
 313.52576
 313.52576
 313.21421
 312.05280
 310.51758
 309.30739
 308.48564
 308.09744
 308.16442
 308.68210
 309.62060
 310.63827
 311.40627
 311.84457
 311.88252
 311.75044
 311.77012
 311.94038
 312.25129
 312.68537
 313.21966
 313.52138
 313.52138
 313.52138
 313.52138
 313.52138
 313.52138
 313.52138
 313.52138
 313.52138
 313.52138
 313.52138
 313.52138
 313.52138
 313.52138
 313.52138
 313.52138
 313.52138
 313.52138
 313.52138
 313.52138
 313.52138
 313.52138
 313.52138
 313.52138
 313.52261
 313.52517
 313.52789
 313.53077
 313.53377
 313.53683
 313.53992
 313.54296
 313.54590
 313.54865
 313.55116
 313.55338
 313.55527
 313.55682
 313.55804
 313.55996
 313.56445
 313.57082
 313.57763
 313.58490
 313.59257
 313.60046
 313.60822
 313.61520
 313.62027
 313.62300
 313.62031
 313.60531
 313.56873
 313.49521
 313.35998
 313.12498
 312.73741
 312.13954
 311.30818
 310.33683
 309.50704
 309.17894
 309.47638
 310.14176
 310.77390
 311.09995
 311.01537
 310.50815
 309.62628
 308.53451
 307.59468
 307.26427
 307.72531
 308.66147
 309.53621
 309.96792
 309.84381
 309.33307
 308.88792
 309.01296
 309.81746
 310.93953
 311.96104
 312.69927
 313.16249
 313.42370
 313.55449
 313.60536
 313.60797
 313.58154
 313.53822
 313.48677
 313.43450
 313.38805
 313.35441
 313.33734
 313.33680
 313.35147
 313.37932
 313.41650
 313.45607
 313.49241
 313.52345
 313.54853
 313.56622
 313.57587
 313.57819
 313.57397
 313.56388
 313.54827
 313.52706
 313.49959
 313.46451
 313.41957
 313.36150
 313.28590
 313.18748
 313.06084
 312.90218
 312.71372
 312.50478
 312.29514
 312.11705
 312.00580
 311.98556
 312.05710
 312.19625
 312.36428
 312.52272
 312.64406
 312.71516
 312.73568
 312.71505
 312.66914
 312.61728
 312.57906
 312.57036
 312.59989
 312.66766
 312.76603
 312.88288
 313.00540
 313.12294
 313.23009
 313.32341
 313.40050
 313.46226
 313.51049
 313.54726
 313.57586
 313.59762
 313.61192
 313.61881
 313.61731
 313.60509
 313.57817
 313.53060
 313.45435
 313.33991
 313.17829
 312.96526
 312.70836
 312.43443
 312.19181
 312.03909
 312.01999
 312.13920
 312.35958
 312.62391
 312.88029
 313.09841
 313.26764
 313.39152
 313.47880
 313.53692
 313.57453
 313.59824
 313.61264
 313.62056
 313.62408
 313.62351
 313.61764
 313.60522
 313.58461
 313.55409
 313.51233
 313.45901
 313.39706
 313.33151
 313.26852
 313.21541
 313.18003
 313.16979
 313.18816
 313.23342
 313.29904
 313.37552
 313.45263
 313.52107
 313.57304
 313.22172
 312.52055
 311.86474
 311.27045
 310.74200
 310.26737
 309.81653
 309.35025
 308.84538
 308.33414
 307.93180
 307.73191
 307.64406
 307.87585
 308.76487
 309.93179
 311.00920
 311.92106
 312.60057
 313.06651
 313.36998
 313.56058
 313.67564
 313.74254
 313.77956
 313.79832
 313.80586
 313.80579
 313.79877
 313.78211
 313.74814
 313.68057
 313.54732
 313.28757
 312.79379
 311.89566
 310.41845
 308.46611
 306.86676
 306.80603
 308.33368
 310.28979
 311.79782
 312.72021
 313.22474
 313.48484
 313.61262
 313.67151
 313.69572
 313.70290
 313.70171
 313.69686
 313.69070
 313.68441
 313.67852
 313.67325
 313.66865
 313.66469
 313.66286
 313.66286
 313.66492
 313.66940
 313.67460
 313.68053
 313.68702
 313.69361
 313.69921
 313.70152
 313.69574
 313.67219
 313.61142
 313.47456
 313.18530
 312.60135
 311.49402
 309.64270
 307.29117
 305.73796
 306.35051
 308.54816
 310.72571
 312.17060
 312.97101
 313.37908
 313.57798
 313.67104
 313.71177
 313.72709
 313.73041
 313.72833
 313.72408
 313.71919
 313.71434
 313.70983
 313.70574
 313.70210
 313.70153
 313.70385
 313.70629
 313.70889
 313.71166
 313.71458
 313.71896
 313.72482
 313.73077
 313.13597
 311.96536
 310.81861
 309.75495
 308.83978
 308.13737
 307.70173
 307.56827
 307.74610
 308.21574
 308.93297
 309.83490
 310.84865
 311.90155
 312.92526
 313.31564
 313.04786
 312.72354
 312.36793
 312.03567
 311.80171
 311.73228
 311.84845
 312.11154
 312.44393
 312.76458
 313.01094
 313.14012
 313.11529
 312.89673
 312.44302
 311.74452
 310.90364
 310.19896
 309.98340
 310.39505
 311.21813
 312.09898
 312.80630
 313.27368
 313.51789
 313.56746
 313.43250
 313.10474
 312.58289
 311.92464
 311.30087
 310.96436
 311.08393
 311.59390
 312.25796
 312.86146
 313.30885
 313.59844
 313.76669
 313.85572
 313.89645
 313.90762
 313.90260
 313.89077
 313.87714
 313.86355
 313.85166
 313.84265
 313.83683
 313.83377
 313.83487
 313.83906
 313.84473
 313.84850
 313.84830
 313.84152
 313.82482
 313.79394
 313.74365
 313.66794
 313.56104
 313.42159
 313.25280
 313.06676
 312.89064
 312.76165
 312.71501
 312.76773
 312.90897
 312.75613
 312.62913
 312.54693
 312.51891
 312.54025
 312.59017
 312.63862
 312.65818
 312.63709
 312.58828
 312.54875
 312.56496
 312.66847
 312.85745
 313.09875
 313.34750
 313.56930
 313.74679
 313.87567
 313.96162
 314.01457
 314.04409
 314.05783
 314.06095
 314.05608
 314.04322
 314.01916
 313.97619
 313.89958
 313.76567
 313.53073
 313.12662
 312.46602
 311.48500
 310.27264
 309.22132
 308.90318
 309.53080
 310.70254
 311.86187
 312.72790
 313.27987
 313.59455
 313.74994
 313.79906
 313.77104
 313.67834
 313.52391
 313.30831
 313.03814
 312.73717
 312.44931
 312.23379
 312.14896
 312.22016
 312.42503
 312.70766
 313.00705
 313.27564
 313.48459
 313.61974
 313.66783
 313.60448
 313.37751
 312.89460
 312.03540
 310.74129
 309.25232
 308.28014
 308.51177
 309.77154
 311.25766
 312.41732
 313.15327
 313.56983
 313.78753
 313.89060
 313.92875
 313.93126
 313.91342
 313.87939
 313.83023
 313.76655
 313.69115
 313.60406
 313.50096
 313.37504
 313.20535
 312.93497
 312.44684
 311.55555
 310.10147
 308.31848
 307.21198
 307.77187
 309.57113
 311.39011
 312.61234
 313.25904
 313.51945
 313.54034
 313.40330
 313.14872
 312.79957
 312.37771
 311.91377
 311.45270
 311.05632
 310.80011
 310.75686
 310.95639
 311.35870
 311.87128
 312.39209
 312.84913
 313.21193
 313.47967
 313.66731
 313.79332
 313.87358
 313.92193
 313.94874
 313.96136
 313.96494
 313.96293
 313.95765
 313.95063
 313.94283
 313.93488
 313.92715
 313.92133
 313.91735
 313.91508
 313.91476
 313.91511
 313.91877
 313.92623
 313.93642
 313.94889
 313.96141
 313.97151
 313.97349
 313.95452
 313.88585
 313.70287
 313.26083
 312.25022
 310.12044
 306.46150
 302.74976
 302.52783
 305.67178
 308.60211
 309.98027
 310.37561
 310.51836
 310.82437
 311.36999
 312.02322
 312.62123
 313.06258
 313.29653
 313.26767
 312.85245
 311.80466
 309.80618
 306.92288
 304.43009
 303.93087
 304.80610
 305.44242
 305.94969
 307.27014
 309.28883
 311.16539
 312.45858
 313.21296
 313.61337
 313.81196
 313.90430
 313.94263
 313.95332
 313.95090
 313.94284
 313.93656
 313.93375
 313.93150
 313.93023
 313.93004
 313.93085
 313.93409
 313.93897
 313.94261
 313.94360
 313.93953
 313.92646
 313.89797
 313.84387
 313.74837
 313.58825
 313.33225
 312.94659
 312.41078
 311.75495
 311.10624
 310.68209
 310.67172
 311.08120
 311.72791
 312.39185
 312.93989
 313.33690
 313.60172
 313.76878
 313.86964
 313.92916
 313.96350
 313.98193
 313.99093
 313.99443
 313.99477
 313.99324
 313.99051
 313.98684
 313.98227
 313.97668
 313.96990
 313.96171
 313.95341
 313.94470
 313.93392
 313.92122
 313.90691
 313.89146
 313.87548
 313.85973
 313.84506
 313.83233
 313.82233
 313.81573
 313.81296
 313.81418
 313.81929
 313.82788
 313.83934
 313.85291
 313.86774
 313.88302
 313.89800
 313.91204
 313.92467
 313.93557
 313.94456
 313.95159
 313.95672
 313.96006
 313.96405
 313.96930
 313.97420
 313.97890
 313.98333
 313.98688
 313.98794
 313.98283
 313.96384
 313.91640
 313.80946
 313.58228
 313.12702
 312.27478
 310.85747
 308.98583
 307.47795
 307.47016
 308.97123
 310.84917
 312.27556
 313.13365
 313.59171
 313.81851
 313.92238
 313.96219
 313.96720
 313.95234
 313.92512
 313.89001
 313.85075
 313.81146
 313.77682
 313.75147
 313.74086
 313.74613
 313.76404
 313.79134
 313.82358
 313.85621
 313.88769
 313.91614
 313.93895
 313.95628
 313.96881
 313.97721
 313.98302
 313.98529
 313.97961
 313.96090
 313.91694
 313.82475
 313.64956
 313.34124
 312.84282
 312.12931
 311.28405
 310.56972
 310.33588
 310.72135
 311.50727
 312.34112
 313.00261
 313.44352
 313.70335
 313.83999
 313.90064
 313.91726
 313.91078
 313.89445
 313.87673
 313.86286
 313.85575
 313.85641
 313.86432
 313.87783
 313.89470
 313.91428
 313.93428
 313.95129
 313.96456
 313.97388
 313.97947
 313.98181
 313.98153
 313.97925
 313.97556
 313.97095
 313.96701
 313.96391
 313.96053
 313.95699
 313.95337
 313.94967
 313.94587
 313.94193
 313.93911
 313.93719
 313.93461
 313.93132
 313.92728
 313.92244
 313.91678
 313.91030
 313.90303
 313.89501
 313.88633
 313.87713
 313.86756
 313.85784
 313.84820
 313.83891
 313.83027
 313.82257
 313.81608
 313.81105
 313.80769
 313.80614
 313.80645
 313.80863
 313.81257
 313.81811
 313.82649
 313.83762
 313.84994
 313.86317
 313.87699
 313.89111
 313.90517
 313.92052
 313.93695
 313.95251
 313.96655
 313.97821
 313.98632
 313.98932
 313.98722
 313.97879
 313.95900
 313.92249
 313.86334
 313.77287
 313.63731
 313.43336
 313.12143
 312.63902
 311.90627
 310.86712
 309.60302
 308.45482
 307.88780
 308.04899
 308.63025
 309.30075
 310.00766
 310.81511
 311.68427
 312.48387
 313.11116
 313.54158
 313.80341
 313.94084
 313.99264
 313.98333
 313.92310
 313.81220
 313.64240
 313.39845
 313.06230
 312.62726
 312.11946
 311.61975
 311.26100
 311.16662
 311.37204
 311.79948
 312.30903
 312.77804
 313.13511
 313.34829
 313.39723
 313.24648
 312.82618
 312.02929
 310.76402
 309.12567
 307.63066
 307.03994
 307.56672
 308.63005
 309.61004
 310.33005
 310.88693
 311.39396
 311.88880
 312.35406
 312.76131
 313.09527
 313.35629
 313.55394
 313.70056
 313.80771
 313.88484
 313.93921
 313.97628
 314.00017
 314.01402
 314.02025
 314.02217
 314.02109
 314.01660
 314.00969
 314.00113
 313.99151
 313.98131
 313.97087
 313.96044
 313.95022
 313.94102
 313.93417
 313.92917
 313.92745
 313.93045
 313.93604
 313.94298
 313.95249
 313.96295
 313.96917
 313.96441
 313.93505
 313.85432
 313.67119
 313.29416
 312.57989
 311.37468
 309.71945
 308.20307
 307.80282
 308.76166
 310.22111
 311.32095
 311.81574
 311.82694
 311.57153
 311.27593
 311.13772
 311.26359
 311.62949
 312.11978
 312.61145
 313.02881
 313.34746
 313.57407
 313.72702
 313.82730
 313.89010
 313.92448
 313.93788
 313.93464
 313.91813
 313.88855
 313.84326
 313.77973
 313.69475
 313.58507
 313.44869
 313.28655
 313.10488
 312.91722
 312.74480
 312.61352
 312.54715
 312.55891
 312.64712
 312.79417
 312.97355
 313.16212
 313.34142
 313.49909
 313.63099
 313.73748
 313.82119
 313.88540
 313.93301
 313.96730
 313.98834
 313.99177
 313.97016
 313.90891
 313.78211
 313.54975
 313.15015
 312.51084
 311.60434
 310.55756
 309.73947
 309.58677
 310.18375
 311.16024
 312.07298
 312.69747
 313.00253
 313.03315
 312.84456
 312.49373
 312.05635
 311.63881
 311.36080
 311.30337
 311.46746
 311.78579
 312.17353
 312.56485
 312.92143
 313.22693
 313.47564
 313.66909
 313.81048
 313.90325
 313.95254
 313.96161
 313.92832
 313.84180
 313.68052
 313.40064
 312.92790
 312.16460
 311.03683
 309.64237
 308.43611
 308.07210
 308.74564
 309.94237
 311.01156
 311.60192
 311.55817
 310.69783
 308.85125
 306.46962
 305.26522
 306.55565
 309.17847
 311.39696
 312.73860
 313.44089
 313.79046
 313.96397
 313.42391
 312.24075
 311.06154
 309.96013
 309.00775
 308.26536
 307.77262
 307.52446
 307.43753
 307.29772
 306.69295
 305.11870
 302.85362
 302.21167
 305.06338
 308.87327
 311.25746
 312.50015
 313.05046
 313.28096
 313.38943
 313.46487
 313.54074
 313.62429
 313.71351
 313.80191
 313.88236
 313.95173
 314.01060
 314.06182
 314.10587
 314.14232
 314.17254
 314.19827
 314.22089
 314.24128
 314.25995
 314.27696
 314.29203
 314.30457
 314.31372
 314.31845
 314.31761
 314.31011
 314.29512
 314.27237
 314.24242
 314.20700
 314.16911
 314.13287
 314.10302
 314.08403
 314.07905
 314.08915
 314.11302
 314.14734
 314.18767
 314.23019
 314.27098
 314.30645
 314.33516
 314.35766
 314.37438
 314.38523
 314.39123
 314.39345
 314.39286
 314.39027
 314.38634
 314.38156
 314.37662
 314.37249
 314.36897
 314.36632
 314.36470
 314.36322
 314.36190
 314.36207
 314.36357
 314.36492
 314.36609
 314.36708
 314.36783
 314.36829
 314.36837
 314.36828
 314.36786
 314.36649
 314.36377
 314.35917
 314.35198
 314.34281
 314.33062
 314.31249
 314.28653
 314.25043
 314.20162
 314.13836
 314.05829
 313.95919
 313.84190
 313.71088
 313.57421
 313.44332
 313.33197
 313.25197
 313.20871
 313.19809
 313.20696
 313.21726
 313.21246
 313.18410
 313.13624
 313.08605
 313.05912
 313.07996
 313.16146
 313.29920
 313.47411
 313.66110
 313.83799
 313.99040
 314.11224
 314.20367
 314.26835
 314.31134
 314.33775
 314.35205
 314.35786
 314.35796
 314.35439
 314.34863
 314.34169
 314.33424
 314.32676
 314.31950
 314.31265
 314.30629
 314.30045
 314.29607
 314.29306
 314.29163
 314.29209
 314.29303
 314.29400
 314.29501
 314.29605
 314.29713
 314.29825
 314.29940
 314.30228
 314.30715
 314.31258
 314.31861
 314.32519
 314.33222
 314.33939
 314.34609
 314.35122
 314.35274
 314.34709
 314.32812
 314.28547
 314.20249
 314.05192
 313.79276
 313.37333
 312.74902
 311.93481
 311.08683
 310.52071
 310.52829
 311.10624
 311.95954
 312.77444
 313.39793
 313.81677
 314.07598
 314.22706
 314.31015
 314.35228
 314.37038
 314.37472
 314.37133
 314.36369
 314.35379
 313.90820
 313.08908
 312.35669
 311.75057
 311.30808
 311.05755
 311.01780
 311.19141
 311.56309
 312.10823
 312.79343
 313.57956
 314.42586
 314.87014
 314.86284
 314.83966
 314.78276
 314.65709
 314.39472
 313.87029
 312.88130
 311.21552
 309.01086
 307.31944
 307.51389
 309.40218
 311.52954
 313.03867
 313.90853
 314.36706
 314.60279
 314.72665
 314.79738
 314.84388
 314.87941
 314.90930
 314.93506
 314.95837
 314.97866
 314.99322
 315.00070
 314.99939
 314.98855
 314.96441
 314.91990
 314.84743
 314.73556
 314.56663
 314.31185
 313.92100
 313.30251
 312.29662
 310.68406
 308.41421
 306.22867
 305.72377
 307.01398
 308.76845
 310.13023
 310.87836
 311.25482
 311.50782
 311.79198
 312.18387
 312.70889
 313.36087
 314.11544
 314.93951
 315.37545
 315.37417
 315.37376
 315.37317
 315.37287
 315.37431
 315.37567
 315.37110
 315.35236
 315.30249
 315.18793
 314.94528
 314.46435
 313.58813
 312.20417
 310.53753
 309.42404
 309.71539
 311.16800
 312.78987
 313.97572
 314.67754
 315.04699
 315.22641
 315.30634
 315.33790
 315.34722
 315.34640
 315.34180
 315.33640
 315.33153
 315.32927
 315.33189
 315.34027
 315.35229
 315.36533
 315.37902
 315.39258
 315.40452
 315.41214
 315.41068
 315.39188
 315.34150
 315.23530
 315.03221
 314.66381
 314.01928
 312.92941
 311.16758
 308.52151
 305.03446
 301.39858
 298.96479
 298.80629
 300.80392
 303.91941
 307.06495
 309.65086
 311.56201
 312.89866
 313.80437
 314.40440
 314.79411
 315.04205
 315.19590
 315.28809
 315.34034
 315.36705
 315.37767
 315.37838
 315.37319
 315.36470
 315.35597
 315.34824
 315.34090
 315.33436
 315.33023
 315.32973
 315.33107
 315.33262
 315.33403
 315.33468
 315.33369
 315.32954
 315.31889
 315.29644
 315.25522
 315.18270
 315.06007
 314.85998
 314.54494
 314.07736
 313.44409
 312.70529
 312.04034
 311.70687
 311.86805
 312.44568
 313.19309
 313.88734
 314.42430
 314.79404
 315.02629
 315.15543
 315.20671
 315.19327
 315.11661
 314.96786
 314.72994
 314.38296
 313.91744
 313.35878
 312.79561
 312.38033
 312.26435
 312.49475
 312.78925
 313.06469
 313.41100
 313.77685
 314.15738
 314.56603
 315.01665
 315.30170
 315.35892
 315.39368
 315.41387
 315.42473
 315.42971
 315.43104
 315.43017
 315.42802
 315.42517
 315.42315
 315.42226
 315.42156
 315.42108
 315.42083
 315.42076
 315.42083
 315.42092
 315.42202
 315.42387
 315.42565
 315.42713
 315.42742
 315.42622
 315.42467
 315.42264
 315.41851
 315.41200
 315.40444
 315.39578
 315.38447
 315.37049
 315.35384
 315.33454
 315.31244
 315.28696
 315.25730
 315.22058
 315.17192
 315.10281
 314.99944
 314.84394
 314.61511
 314.29456
 313.88288
 313.41896
 312.99704
 312.75129
 312.78453
 313.09581
 313.57903
 314.09688
 314.55197
 314.90273
 315.14513
 315.28873
 315.33981
 315.29215
 315.11533
 314.74743
 314.09505
 313.06514
 311.68962
 310.32736
 309.63607
 309.98318
 310.99245
 312.00978
 312.69562
 313.05339
 313.21867
 313.32148
 313.44116
 313.60006
 313.78310
 313.96564
 314.12972
 314.27001
 314.39104
 314.50109
 314.60683
 314.71062
 314.81076
 314.90422
 314.98515
 315.04875
 315.09208
 315.11300
 315.11370
 315.09730
 315.06737
 315.02861
 314.98500
 314.93819
 314.88530
 314.81633
 314.71147
 314.53955
 314.26053
 313.83855
 313.27457
 312.65652
 312.18193
 312.07354
 312.40679
 313.04037
 313.74039
 314.33852
 314.77723
 315.06871
 315.25068
 315.35864
 315.41815
 315.44784
 315.45978
 315.46147
 315.45752
 315.45070
 315.44308
 315.43559
 315.43001
 315.42675
 315.42435
 315.42372
 315.42638
 315.43110
 315.43592
 315.44066
 315.44514
 315.45097
 315.45919
 315.46818
 315.47700
 315.48569
 315.49426
 315.50253
 315.51006
 315.51600
 315.51902
 315.51726
 315.50841
 315.48981
 315.45886
 315.41338
 315.35233
 315.27635
 315.18809
 315.09193
 314.99281
 314.89460
 314.79914
 314.70528
 314.61049
 314.51629
 314.42727
 314.35213
 314.30465
 314.29743
 314.33687
 314.42038
 314.53724
 314.67239
 314.81136
 314.94248
 315.05801
 315.15483
 315.23278
 315.29351
 315.33949
 315.37338
 315.39929
 315.41917
 315.43345
 315.44358
 315.45026
 315.45437
 315.45659
 315.45743
 315.45726
 315.45634
 315.45486
 315.45296
 315.45070
 315.44814
 315.44529
 315.44215
 315.43871
 315.43494
 315.43080
 315.42627
 315.42129
 315.41585
 315.41174
 315.40894
 315.40564
 315.40185
 315.39758
 315.39288
 315.38910
 315.38638
 315.38351
 315.38054
 315.37748
 315.37432
 315.37104
 315.36754
 315.36364
 315.35905
 315.35333
 315.34578
 315.33543
 315.32087
 315.30071
 315.27766
 315.24905
 315.20681
 315.14609
 315.06088
 314.94334
 314.78196
 314.55539
 314.21500
 313.63979
 312.53567
 310.28993
 306.18560
 301.33223
 300.07054
 303.27060
 306.96816
 309.60353
 311.56086
 313.05023
 314.08702
 314.73538
 315.10691
 315.30485
 315.40226
 315.44440
 315.45736
 315.45558
 315.44682
 315.43710
 315.42812
 315.41864
 315.40929
 315.40246
 315.39789
 315.39319
 315.38847
 315.38380
 315.37925
 315.37606
 315.37572
 315.37729
 315.37964
 315.38277
 315.38667
 315.39217
 315.39906
 315.40615
 315.41302
 315.41901
 315.42305
 315.42348
 315.41769
 315.40173
 315.36960
 315.31230
 315.21654
 315.06321
 314.82594
 314.47108
 313.96224
 313.27277
 312.41354
 311.47244
 310.63487
 310.13795
 310.14875
 310.65631
 311.48406
 312.40465
 313.24634
 313.92726
 314.43506
 314.79303
 315.03511
 315.19325
 315.29305
 315.35339
 315.38758
 315.40477
 315.41112
 315.15681
 314.72862
 314.42125
 314.25291
 314.23378
 314.36496
 314.63849
 315.03844
 315.27840
 315.27219
 315.26775
 315.26492
 315.26234
 315.26111
 315.26111
 315.26111
 315.26111
 315.26111
 315.26111
 315.26111
 315.26111
 315.26253
 315.26667
 315.27242
 315.28048
 315.29112
 315.30287
 315.31565
 315.32925
 315.34317
 315.35654
 315.36776
 315.37412
 315.37105
 315.35091
 315.30100
 315.20368
 315.02523
 314.70712
 314.16245
 313.27105
 311.91407
 310.09981
 308.15036
 306.55050
 305.01827
 301.77827
 296.30630
 295.34737
 301.81769
 307.93013
 311.03012
 312.46385
 313.09206
 312.90494
 310.90014
 304.67250
 295.45514
 296.61016
 305.89704
 311.05838
 312.46346
 312.46172
 312.14209
 311.95587
 312.04904
 312.39096
 312.88375
 313.43213
 313.95906
 314.40999
 314.76008
 315.00802
 315.16725
 315.26000
 315.30735
 315.32601
 315.32788
 315.32079
 315.30960
 315.29712
 315.28488
 315.27365
 315.26372
 315.25810
 315.25851
 315.26144
 315.26469
 315.26824
 315.27209
 315.27621
 315.28050
 315.28482
 315.28888
 315.29224
 315.29419
 315.29354
 315.28849
 315.27615
 315.25206
 315.20933
 315.13751
 315.02315
 314.84490
 314.57354
 314.18111
 313.65579
 313.03374
 312.43307
 312.04220
 311.44486
 310.67283
 310.13561
 309.66432
 309.12887
 308.42580
 307.41809
 305.94689
 304.13059
 302.92747
 303.71783
 306.44850
 309.65849
 312.34948
 314.39414
 315.44934
 315.69107
 315.80431
 315.85207
 315.86634
 315.86259
 315.84752
 315.82441
 315.79192
 315.74458
 315.67573
 315.57705
 315.43619
 315.23961
 314.97460
 314.63571
 314.24184
 313.84420
 313.52629
 313.37916
 313.45200
 313.72194
 314.10770
 314.51806
 314.88858
 315.18948
 315.41879
 315.58721
 315.70872
 315.79562
 315.85662
 315.89624
 315.91469
 315.90744
 315.86580
 315.77178
 315.59460
 315.29022
 314.79567
 314.02895
 312.91334
 311.44946
 309.85252
 308.65991
 308.49911
 309.49642
 311.10440
 312.65298
 313.79496
 314.47115
 314.72972
 314.61899
 314.17044
 313.45018
 312.64478
 312.08506
 312.07527
 312.62741
 313.45361
 314.22905
 314.77438
 315.03915
 315.01895
 314.70520
 314.08300
 313.19212
 312.22533
 311.55443
 311.50425
 312.03104
 312.75651
 313.32899
 313.59533
 313.49252
 313.09210
 312.48600
 311.81301
 311.25067
 310.96242
 311.02808
 311.41804
 312.02476
 312.71276
 313.35827
 313.87215
 314.20348
 314.33148
 314.25716
 314.00335
 313.61993
 313.19348
 312.84151
 312.66992
 312.72344
 312.96877
 313.32907
 313.73210
 314.13048
 314.49886
 314.82448
 315.10134
 315.32818
 315.50755
 315.64475
 315.74645
 315.81954
 315.87134
 315.90710
 315.93001
 315.94344
 315.94994
 315.95236
 315.95283
 315.95132
 315.94803
 315.94350
 315.93776
 315.93107
 315.92359
 315.91655
 315.91123
 315.90653
 315.90119
 315.89640
 315.89204
 315.88811
 315.88596
 315.88562
 315.88600
 315.88607
 315.88592
 315.88561
 315.88516
 315.88453
 315.88355
 315.88294
 315.88367
 315.88347
 315.87925
 315.86775
 315.84352
 315.79938
 315.72503
 315.60604
 315.42303
 315.15141
 314.76279
 314.22965
 313.53183
 312.66480
 311.64300
 310.48910
 309.21870
 307.88208
 306.75098
 306.46265
 307.53279
 309.59292
 311.73132
 313.38192
 314.47343
 315.14072
 315.53290
 315.75771
 315.88326
 315.95084
 315.98446
 315.99753
 315.99933
 315.99325
 315.97737
 315.94776
 315.89581
 315.80723
 315.65637
 315.40198
 314.98914
 314.35526
 313.47445
 312.44781
 311.57475
 311.22652
 311.49896
 312.07397
 312.51360
 312.58438
 312.34152
 312.06745
 312.09852
 312.57388
 313.34267
 314.14061
 314.79235
 315.25198
 315.54801
 315.72713
 315.82921
 315.88364
 315.90961
 315.91901
 315.92043
 315.91811
 315.91321
 315.90713
 315.90197
 315.89801
 315.89402
 315.89012
 315.88638
 315.88434
 315.88376
 315.88295
 315.88357
 315.88587
 315.88845
 315.89242
 315.89841
 315.90514
 315.91159
 315.91870
 315.92565
 315.92937
 315.92658
 315.91271
 315.87734
 315.80057
 315.64996
 315.37153
 314.88329
 314.08640
 312.93529
 311.60759
 310.63869
 310.60930
 311.50297
 312.70746
 313.65716
 314.13358
 314.12958
 313.70079
 312.93378
 311.98737
 311.09401
 310.42834
 309.96468
 309.59160
 309.40952
 309.73495
 310.67997
 311.93316
 313.07781
 313.91135
 314.43841
 314.74490
 314.92243
 315.03682
 315.12663
 315.21159
 315.29701
 315.37890
 315.44763
 315.49128
 315.49457
 315.44032
 315.31596
 315.12095
 314.88042
 314.65033
 314.50674
 314.50966
 314.66460
 314.92355
 315.21170
 315.46635
 315.65839
 315.78395
 315.85215
 315.87383
 315.85611
 315.80140
 315.70671
 315.56454
 315.36493
 315.09978
 314.77034
 314.39723
 314.02755
 313.73002
 313.56475
 313.54243
 313.61162
 313.68230
 313.66897
 313.53168
 313.30184
 313.08118
 313.00193
 313.14604
 313.48113
 313.87388
 314.14899
 314.12385
 313.59888
 312.38475
 310.55115
 308.91351
 308.77622
 310.33232
 312.38963
 313.98112
 314.94408
 315.45699
 315.70547
 315.80736
 315.82540
 315.79044
 315.71298
 315.58818
 315.40411
 315.14652
 314.80476
 314.38426
 313.92637
 313.51176
 313.24210
 313.18605
 313.30621
 313.44270
 313.34135
 312.68035
 311.17503
 309.02805
 307.56227
 308.25611
 310.56898
 312.83245
 314.30042
 315.07109
 315.41552
 315.53347
 315.54463
 315.51924
 315.49864
 315.50656
 315.54878
 315.61696
 315.69835
 315.77945
 315.84954
 315.90166
 315.93462
 315.94352
 315.91713
 315.84187
 315.69716
 315.45175
 315.07126
 314.54523
 313.92773
 313.37133
 313.08409
 313.18739
 313.60957
 314.15335
 314.64842
 315.01983
 315.26658
 315.42019
 315.51593
 315.57903
 315.62384
 315.65917
 315.68914
 315.71503
 315.73666
 315.75410
 315.76596
 315.76956
 315.76516
 315.75031
 315.72013
 315.67180
 315.60217
 315.50819
 315.38770
 315.24078
 315.07163
 314.89052
 314.71484
 314.56767
 314.47298
 314.44824
 314.49795
 314.61185
 314.76903
 314.94529
 315.11980
 315.27839
 315.41383
 315.52423
 315.61291
 315.68328
 315.73740
 315.77872
 315.81020
 315.83485
 315.85383
 315.86612
 315.86924
 315.85648
 315.81300
 315.70771
 315.47760
 315.00001
 314.06036
 312.38724
 309.99524
 307.92340
 307.88263
 309.91011
 312.30848
 314.00096
 314.95349
 315.43647
 315.66768
 315.77238
 315.81533
 315.82944
 315.83065
 315.82681
 315.82164
 315.81612
 315.81104
 315.80671
 315.80318
 315.80252
 315.80656
 315.81321
 315.82048
 315.82820
 315.83594
 315.84287
 315.84748
 315.84718
 315.83770
 315.81231
 315.76102
 315.66998
 315.52239
 315.30250
 315.00535
 314.65246
 314.30572
 314.06047
 314.00338
 314.15689
 314.46292
 314.82358
 315.15613
 315.41852
 315.60381
 315.72364
 315.79507
 315.83376
 315.85174
 315.85738
 315.85611
 315.85132
 315.84503
 315.83834
 315.83187
 315.82587
 315.82045
 315.81561
 315.81292
 315.81207
 315.81112
 315.81005
 315.80887
 315.80758
 315.80618
 315.80469
 315.80311
 315.80145
 315.79981
 315.79819
 315.79653
 315.79484
 315.79312
 315.79139
 315.78966
 315.78794
 315.78624
 315.78456
 315.78292
 315.78132
 315.77976
 315.77825
 315.77679
 315.77538
 315.77656
 315.78141
 315.78783
 315.79598
 315.80536
 315.81366
 315.81764
 315.81023
 315.77662
 315.68746
 315.48088
 315.03587
 314.14684
 312.56731
 310.34901
 308.49463
 308.53411
 310.43593
 312.65702
 314.22516
 315.10448
 315.54170
 315.73673
 315.80152
 315.78965
 315.72037
 315.59246
 315.39085
 314.40572
 312.60468
 310.63134
 308.57995
 306.64402
 305.10347
 304.22403
 304.11445
 304.67903
 305.72113
 307.06210
 308.57885
 310.18657
 311.81778
 313.41468
 314.92989
 315.72390
 315.81226
 315.88000
 315.93126
 315.96925
 315.99657
 316.01538
 316.02746
 316.03425
 316.03694
 316.03769
 316.03729
 316.03619
 316.03484
 316.03263
 316.03099
 316.02995
 316.02826
 316.02600
 316.02325
 316.02004
 316.01698
 316.01571
 316.01577
 316.01564
 316.01523
 316.01446
 316.01320
 316.01518
 316.02051
 316.02555
 316.03256
 316.04184
 316.05504
 316.07166
 316.08621
 316.09418
 316.08645
 316.04494
 315.93474
 315.69103
 315.19468
 314.25119
 312.62482
 310.26002
 307.72995
 306.17652
 306.14160
 307.12637
 308.41076
 309.19481
 308.53314
 306.11955
 303.90641
 304.97157
 308.50412
 311.56535
 313.31088
 314.18064
 314.62749
 314.89421
 315.08711
 315.24685
 315.38630
 315.50988
 315.61720
 315.70623
 315.77990
 315.84025
 315.88772
 315.92451
 315.95431
 315.97835
 315.99537
 316.00526
 316.00497
 315.98643
 315.93383
 315.81547
 315.56982
 315.08540
 314.17992
 312.65482
 310.59847
 308.89719
 308.85601
 310.51134
 312.57724
 314.13507
 315.07302
 315.58227
 315.84830
 315.98465
 316.04725
 316.05347
 315.98301
 315.75823
 315.19167
 313.90307
 311.36180
 307.69204
 305.15010
 305.87694
 307.94903
 308.98735
 309.29459
 310.06180
 311.53782
 313.11373
 314.28896
 314.96576
 315.22413
 315.13471
 314.70665
 313.91250
 312.79320
 311.62611
 310.96070
 311.21766
 312.21105
 313.36303
 314.24550
 314.72499
 314.81375
 314.54612
 313.95794
 313.14562
 312.35024
 311.93195
 312.13115
 312.84387
 313.73552
 314.52669
 315.10980
 315.49489
 315.73209
 315.87085
 315.94811
 315.99004
 316.01195
 316.02155
 316.02453
 316.02420
 316.02240
 316.02007
 316.01764
 316.01566
 316.01407
 316.01232
 316.01033
 316.00799
 316.00668
 316.00619
 316.00501
 316.00323
 316.00092
 315.99818
 315.99510
 315.99177
 315.98826
 315.98461
 315.98402
 315.98724
 315.99173
 315.99696
 316.00108
 315.99955
 315.98319
 315.93084
 315.80137
 315.52729
 315.01914
 314.21708
 313.23146
 312.46853
 312.41173
 313.10376
 314.09261
 314.93627
 315.48632
 315.78978
 315.93779
 316.00117
 316.02316
 316.02660
 316.02233
 316.01475
 316.00488
 315.99184
 315.97613
 315.95497
 315.92100
 315.86770
 315.78789
 315.67297
 315.51398
 315.30412
 315.04352
 314.74620
 314.44639
 314.19782
 314.05942
 314.06934
 314.22410
 314.47998
 314.77556
 315.05677
 315.28937
 315.45830
 315.56103
 315.60081
 315.58236
 315.51001
 315.38839
 315.22200
 315.01694
 314.78446
 314.54137
 314.30988
 314.11533
 313.98202
 313.92810
 313.96147
 314.07776
 314.26137
 314.48931
 314.73863
 314.98743
 315.21753
 315.41931
 315.58883
 315.72598
 315.83396
 315.91507
 315.96808
 315.98597
 315.95312
 315.84381
 315.62065
 315.23828
 314.67121
 313.97644
 313.34947
 313.07023
 313.29041
 313.88258
 314.56525
 315.12341
 315.48234
 315.65766
 315.69270
 315.62726
 315.48876
 315.29200
 315.04036
 314.72810
 314.34812
 313.90704
 313.45195
 313.08946
 312.95574
 313.13274
 313.57656
 314.14753
 314.44088
 314.44890
 314.44622
 314.46374
 314.53868
 314.69954
 314.96110
 315.32544
 315.78380
 316.04355
 316.03328
 316.02065
 316.00728
 315.99414
 315.98176
 315.97040
 315.96285
 315.95879
 315.95517
 315.95419
 315.95560
 315.95700
 315.95836
 315.95967
 315.96090
 315.96204
 315.96308
 315.96399
 315.96477
 315.96539
 315.96586
 315.96616
 315.96630
 315.96626
 315.96604
 315.96566
 315.96512
 315.96442
 315.96358
 315.96261
 315.96152
 315.96033
 315.95906
 315.95773
 315.95635
 315.95494
 315.95424
 315.95424
 315.95424
 315.95424
 315.95424
 315.33378
 314.14151
 313.02292
 312.04979
 311.29401
 310.81813
 310.66442
 310.84704
 311.35038
 312.13023
 313.12179
 314.25238
 315.45064
 316.07400
 316.07710
 316.08027
 316.08345
 316.08654
 316.08940
 316.09177
 316.09331
 316.09394
 316.09289
 316.08857
 316.07930
 316.06272
 316.03549
 315.99300
 315.92908
 315.83579
 315.70433
 315.52507
 315.29063
 315.00304
 314.68118
 314.36723
 314.12342
 314.01229
 314.06660
 314.27056
 314.56912
 314.89673
 315.20265
 315.45988
 315.66116
 315.81084
 315.91800
 315.99236
 316.04367
 316.07889
 316.10207
 316.11700
 316.12636
 316.13205
 316.13537
 316.13989
 316.14670
 316.15382
 316.16100
 316.16707
 316.16907
 316.16035
 316.12652
 316.03678
 315.82578
 315.36058
 314.38593
 312.53395
 309.71610
 307.14747
 306.98195
 309.11378
 311.36321
 312.64815
 313.16632
 313.35357
 313.46987
 313.54750
 313.43702
 312.88341
 311.67017
 309.98405
 308.82133
 309.29942
 311.14697
 313.13219
 314.54910
 315.37829
 315.81639
 316.03204
 316.12863
 316.16265
 316.16366
 316.14682
 316.12153
 316.09214
 316.05967
 316.02582
 315.99214
 315.96017
 315.93154
 315.90946
 315.89499
 315.88710
 315.88704
 315.89408
 315.90599
 315.92084
 315.93626
 315.95034
 315.96179
 315.97020
 315.97613
 315.98089
 315.98794
 315.99908
 316.01373
 316.03189
 316.05263
 316.07433
 316.09502
 316.11266
 316.12512
 316.12991
 316.12503
 316.10519
 316.06030
 315.97669
 315.83469
 315.60971
 315.27877
 314.83779
 314.33103
 313.87120
 313.61354
 313.66562
 314.00008
 314.47147
 314.91137
 315.20039
 315.27061
 315.07244
 314.55370
 313.68997
 312.59406
 311.63954
 311.34338
 311.90490
 312.98283
 314.07592
 314.91004
 315.44837
 315.75246
 315.89346
 315.92155
 315.86649
 315.74251
 315.55497
 315.31150
 315.02987
 314.74143
 314.49216
 314.33577
 314.31156
 314.42496
 314.64474
 314.91998
 315.20086
 315.45398
 315.66309
 315.82384
 315.94082
 316.02143
 316.07426
 316.10668
 316.12317
 316.12749
 316.12326
 316.11589
 316.10788
 316.09895
 316.09083
 316.08485
 316.08182
 316.08206
 316.08539
 316.09275
 316.10341
 316.11503
 316.12661
 316.13729
 316.14629
 316.15295
 316.15659
 316.15647
 316.15251
 316.14324
 316.12579
 316.09748
 316.05476
 315.99311
 315.90704
 315.79049
 315.63770
 315.44478
 315.21214
 314.95024
 314.67648
 314.41565
 314.19829
 314.05106
 313.99205
 314.02564
 314.14321
 314.32642
 314.55159
 314.79486
 315.03722
 315.26707
 315.47982
 315.67236
 315.84007
 315.97873
 316.08577
 316.16186
 316.21093
 316.23874
 316.25133
 316.25393
 316.25052
 316.24644
 316.24393
 316.24188
 316.24282
 316.24578
 316.24623
 316.24077
 316.21980
 316.16165
 316.02177
 315.70622
 315.02987
 313.66903
 311.30100
 308.38480
 306.96147
 308.44992
 311.23669
 313.37159
 314.49407
 314.93336
 314.98715
 314.79117
 314.33322
 313.45554
 311.88949
 309.56384
 307.39056
 307.18954
 309.27117
 311.89971
 313.81394
 314.91603
 315.48600
 315.76241
 315.88493
 315.92758
 315.92924
 315.91174
 315.88745
 315.86352
 315.84494
 315.83472
 315.83428
 315.84365
 315.86171
 315.88818
 315.92049
 315.95444
 315.98801
 316.01957
 316.04926
 316.07655
 316.10000
 316.11966
 316.13577
 316.14868
 316.15878
 316.16642
 316.17271
 316.17768
 316.18021
 316.18032
 316.17683
 316.16704
 316.14990
 316.12022
 316.06710
 315.97753
 315.83120
 315.59910
 315.24659
 314.74246
 314.08266
 313.32285
 312.57802
 311.91810
 311.17414
 309.88843
 307.82938
 306.12717
 306.80989
 309.65196
 312.51842
 314.37214
 315.35940
 315.84278
 316.06882
 316.16965
 316.21064
 316.22317
 316.22268
 316.21668
 316.20876
 316.20061
 316.19292
 316.18594
 316.18334
 316.18490
 316.18675
 316.18883
 316.19104
 316.19432
 316.19819
 316.20084
 316.20129
 316.19791
 316.18794
 316.16672
 316.12743
 316.05704
 315.93289
 315.72191
 315.37233
 314.81628
 314.00089
 312.96647
 311.96093
 311.42273
 311.65964
 312.51546
 313.54522
 314.40647
 314.98123
 315.28154
 315.33118
 315.10632
 314.51542
 313.38770
 311.54543
 309.09925
 306.90360
 306.22099
 307.25890
 308.90420
 309.93415
 307.66514
 303.81859
 299.82262
 299.25143
 302.16935
 304.14000
 301.76843
 295.88305
 295.35618
 302.06848
 307.43257
 309.88850
 311.27124
 312.48528
 313.61081
 314.52419
 315.17693
 315.60349
 315.86663
 316.02380
 316.11346
 316.16347
 316.19042
 316.20193
 316.20411
 316.20013
 316.19240
 316.18022
 316.16012
 316.12867
 316.08094
 316.01188
 315.91420
 315.78000
 315.60651
 315.40262
 315.18689
 314.98898
 314.85041
 314.80639
 314.86869
 315.01841
 315.21340
 315.40249
 315.53274
 315.54023
 315.31965
 314.67119
 313.25891
 310.79611
 307.92335
 306.86194
 308.76161
 311.71796
 313.90476
 315.10817
 315.69068
 315.95463
 316.06681
 316.11054
 316.12446
 316.12490
 316.12017
 316.11539
 316.11193
 316.10855
 316.10461
 316.10057
 316.09400
 316.07672
 316.03750
 315.95950
 315.81350
 315.55302
 315.11477
 314.43491
 313.51138
 312.51399
 311.83363
 311.85413
 312.56563
 313.57483
 314.49420
 315.15999
 315.57604
 315.80189
 315.89322
 315.88537
 315.79441
 315.62265
 315.36603
 315.02435
 314.61567
 314.19146
 313.83884
 313.65332
 313.68691
 313.90979
 314.22563
 314.52542
 314.72403
 314.77222
 314.65249
 314.37410
 313.98622
 313.59097
 313.32912
 313.31926
 313.58425
 314.04080
 314.55911
 315.03436
 315.41665
 315.69714
 315.88687
 315.99903
 316.03991
 316.00524
 315.87509
 315.60816
 315.13499
 314.35326
 313.13438
 311.35985
 309.02497
 306.52953
 305.06417
 305.90059
 308.57695
 311.39653
 313.40375
 314.58292
 315.20240
 315.49211
 315.59733
 315.60330
 315.55884
 315.49362
 315.42811
 315.37594
 315.34461
 315.33501
 315.34060
 315.34676
 315.32985
 315.25719
 315.08099
 314.74157
 314.17915
 313.37953
 312.46770
 311.76908
 311.66042
 312.22839
 313.17275
 314.09589
 314.76027
 315.09067
 315.07840
 314.73358
 314.11889
 313.43264
 313.01460
 313.13399
 313.73588
 314.51077
 315.18351
 315.65111
 315.93146
 316.08070
 316.15017
 316.17655
 316.18147
 316.17598
 316.16646
 316.15834
 316.15297
 316.14861
 315.56789
 314.44995
 313.37996
 312.41308
 311.61028
 311.02937
 310.71461
 310.69064
 310.95734
 311.48832
 312.23723
 313.14311
 314.13830
 315.15586
 315.59762
 315.41235
 315.17215
 314.88000
 314.55545
 314.23834
 313.98217
 313.83699
 313.82236
 313.91245
 314.04872
 314.17132
 314.24026
 314.24647
 314.21076
 314.17288
 314.17749
 314.25598
 314.41458
 314.63450
 314.88311
 315.12793
 315.34554
 315.52364
 315.65864
 315.75206
 315.80747
 315.82858
 315.81893
 315.78061
 315.71461
 315.62275
 315.50821
 315.37675
 315.23773
 315.10429
 314.99303
 314.91863
 314.88986
 314.90842
 314.96686
 315.05069
 315.14242
 315.22544
 315.28668
 315.31763
 315.31431
 315.27703
 315.21023
 315.12253
 315.02770
 314.94219
 314.88100
 314.85656
 314.87666
 314.94044
 315.03901
 315.15974
 315.28920
 315.41599
 315.53218
 315.63341
 315.71910
 315.78976
 315.84613
 315.89026
 315.92530
 315.95315
 315.97440
 315.99212
 316.00766
 316.02043
 316.03102
 316.04060
 316.04914
 316.05549
 316.05909
 316.05900
 316.05390
 316.04197
 316.02085
 315.98762
 315.93883
 315.87066
 315.77918
 315.66084
 315.51482
 315.34070
 315.13892
 314.91438
 314.67525
 314.43287
 314.20152
 313.99792
 313.83977
 313.74428
 313.71969
 313.75826
 313.83125
 313.87757
 313.79004
 313.39750
 312.46980
 310.86109
 308.96205
 308.00941
 308.92528
 310.96573
 312.84051
 314.05722
 314.72417
 315.06423
 315.24076
 315.34732
 315.43176
 315.51259
 315.59221
 315.66832
 315.73707
 315.79540
 315.84188
 315.87657
 315.90058
 315.91559
 315.92342
 315.92855
 315.93240
 315.93345
 315.93273
 315.93142
 315.93196
 315.93466
 315.93819
 315.94364
 315.95072
 315.95773
 315.96347
 315.96836
 315.96870
 315.95551
 315.91314
 315.81049
 315.58955
 315.13913
 314.25879
 312.64269
 310.02616
 306.67793
 303.56801
 301.08898
 299.54895
 301.23691
 305.88972
 310.11425
 312.66011
 314.03672
 314.80249
 315.25469
 315.53316
 315.70730
 315.81556
 315.88133
 315.91958
 315.94015
 315.94951
 315.95514
 315.96157
 315.96679
 315.96984
 315.97166
 315.97288
 315.97469
 315.97788
 315.98184
 315.98611
 315.99061
 315.99518
 315.99951
 316.00317
 316.00667
 316.00893
 316.00946
 316.00663
 315.99570
 315.97258
 315.93154
 315.86481
 315.76249
 315.61308
 315.40554
 315.13398
 314.80557
 314.45010
 314.12452
 313.90219
 313.84319
 313.96145
 314.21598
 314.53421
 314.84638
 315.10647
 315.29464
 315.40966
 315.46067
 315.46059
 315.42328
 315.36327
 315.29502
 315.23226
 315.18695
 315.16927
 315.18528
 315.23394
 315.30815
 315.39875
 315.49732
 315.59750
 315.69435
 315.78276
 315.85937
 315.92293
 315.97130
 316.00048
 316.00465
 315.97365
 315.89125
 315.72892
 315.44038
 314.95901
 314.20339
 313.12313
 311.82031
 310.68924
 310.28863
 310.82673
 311.91912
 313.01880
 313.83370
 314.32368
 314.55341
 314.60854
 314.56954
 314.50697
 314.47499
 314.50171
 314.58438
 314.69583
 314.79906
 314.86144
 314.86229
 314.79451
 314.65949
 314.46062
 314.19547
 313.84615
 313.37230
 312.73255
 311.95588
 311.23579
 310.92122
 311.26276
 312.14860
 313.21234
 314.14747
 314.83917
 315.30250
 315.59529
 315.77474
 315.88250
 315.94505
 315.98006
 315.99964
 316.01046
 316.01537
 316.01682
 316.01616
 316.01389
 316.00984
 316.00305
 315.99156
 315.97242
 315.93989
 315.88555
 315.79446
 315.64231
 315.39591
 315.01230
 314.45021
 313.70535
 312.87609
 312.20397
 311.98477
 312.33616
 313.08089
 313.91722
 314.63382
 315.16132
 315.51548
 315.73794
 315.86692
 315.92829
 315.93461
 315.88558
 315.76779
 315.55387
 315.20372
 314.67522
 313.95775
 313.13585
 312.44024
 312.17027
 312.46580
 313.16800
 313.97320
 314.66311
 315.16606
 315.49860
 315.70411
 315.82500
 315.89266
 315.92800
 315.94424
 315.94950
 315.94865
 315.94460
 315.93903
 315.93291
 315.92677
 315.92089
 315.91730
 315.91640
 315.91662
 315.91944
 315.92456
 315.92999
 315.93500
 315.93799
 315.93567
 315.92337
 315.88832
 315.80334
 315.61904
 315.24375
 314.52219
 313.25253
 311.37879
 309.46670
 308.78301
 309.91604
 311.88921
 313.54131
 314.51447
 314.92192
 314.94516
 314.72642
 314.39090
 314.07713
 313.92226
 314.00265
 314.29030
 314.68390
 315.07547
 315.39783
 315.63436
 315.79393
 315.89331
 315.94448
 315.94610
 315.88076
 315.70419
 315.33776
 314.68059
 313.68852
 312.55343
 311.80305
 311.92170
 312.77080
 313.74574
 314.38614
 314.56197
 314.32083
 313.77603
 313.11433
 312.61072
 312.52364
 312.90892
 313.58227
 314.29069
 314.87488
 315.29197
 315.56579
 315.73555
 315.83446
 315.88890
 315.91642
 315.92816
 315.93095
 315.92893
 315.92452
 315.91912
 315.91352
 315.90814
 315.90464
 315.90326
 315.90274
 315.90468
 315.90880
 315.91405
 315.92040
 315.92687
 315.93398
 315.94121
 315.94682
 315.94924
 315.94738
 315.93749
 315.91225
 315.86228
 315.77356
 315.62600
 315.39329
 315.04672
 314.56858
 313.98036
 313.37818
 312.93648
 312.82912
 313.10149
 313.62995
 314.21997
 314.72412
 315.07877
 315.27885
 315.34363
 315.29684
 315.16249
 314.96084
 314.70972
 314.43026
 314.14418
 313.87099
 313.62463
 313.40870
 313.20401
 312.93244
 312.36796
 310.97012
 307.84733
 303.20395
 301.35851
 305.21716
 310.25299
 313.29398
 314.73078
 315.38341
 315.69306
 315.85109
 315.93789
 315.98826
 316.01819
 316.03561
 316.04482
 316.04839
 316.05032
 316.05126
 316.04925
 316.05287
 316.05560
 316.05793
 316.06001
 316.06135
 316.06021
 316.05247
 316.02923
 315.97210
 315.84393
 315.57174
 315.02091
 313.98058
 312.26076
 310.10907
 308.70004
 309.23488
 311.21228
 313.20681
 314.54681
 315.29005
 315.66345
 315.83919
 315.91609
 315.94557
 315.95330
 315.95176
 315.94690
 315.94246
 315.93957
 315.93748
 315.93615
 315.93918
 315.94595
 315.95208
 315.95750
 315.96218
 315.96610
 315.96939
 315.97210
 315.97415
 315.97561
 315.97653
 315.97696
 315.97723
 315.97735
 315.98156
 315.99066
 316.00095
 316.01217
 316.02339
 316.03229
 316.03355
 316.01568
 315.95442
 315.79950
 315.45007
 314.71865
 313.32471
 311.09497
 308.62128
 307.53197
 308.57478
 310.38578
 311.61244
 312.13180
 312.37708
 312.69897
 313.17598
 313.70316
 314.15844
 314.48846
 314.70261
 314.83804
 314.93285
 315.01453
 315.09828
 315.19109
 315.29093
 315.39078
 315.48580
 315.57221
 315.65083
 315.72161
 315.78241
 315.83369
 315.87489
 315.90376
 315.90805
 315.85465
 315.66800
 315.17653
 314.03577
 311.77238
 308.52882
 306.48456
 307.90044
 311.16007
 313.70305
 315.05231
 315.65257
 315.88330
 315.93197
 315.85645
 315.62503
 315.11906
 314.10946
 312.31794
 309.84519
 307.94334
 308.29091
 310.52410
 312.81673
 314.23349
 314.76739
 314.53997
 313.48612
 311.46473
 308.90023
 307.47403
 308.57993
 311.13617
 313.36124
 314.71989
 315.42839
 315.77151
 315.92978
 316.00009
 316.03010
 316.04071
 316.04220
 316.03984
 316.03609
 316.03203
 316.02807
 316.02430
 316.02067
 316.01876
 316.01815
 316.01672
 316.01438
 316.01098
 316.00634
 316.00225
 315.99865
 315.99326
 315.98546
 315.97445
 315.95923
 315.93864
 315.91145
 315.87648
 315.83287
 315.78117
 315.72204
 315.65655
 315.58787
 315.52033
 315.45900
 315.40901
 315.37481
 315.35942
 315.36397
 315.38782
 315.42812
 315.48036
 315.53971
 315.60135
 315.66143
 315.71714
 315.76671
 315.80937
 315.84504
 315.87419
 315.89928
 315.92097
 315.93823
 315.95191
 315.96277
 315.97141
 315.97828
 315.98370
 315.98786
 315.99189
 315.99589
 315.99898
 316.00183
 316.00444
 316.00618
 316.00711
 316.00728
 316.00679
 316.00570
 316.00410
 316.00207
 315.99968
 315.99700
 315.99411
 315.99104
 315.98785
 315.98458
 315.98125
 315.97790
 315.97454
 315.97116
 315.96844
 315.96733
 315.96704
 315.96649
 315.96568
 315.96462
 315.96332
 315.96179
 315.96006
 315.95815
 315.95609
 315.95391
 315.95165
 315.94933
 315.94699
 315.94466
 315.94236
 315.94076
 315.94083
 315.94187
 315.94287
 315.94383
 315.94472
 315.94556
 315.94631
 315.94699
 315.94758
 315.94807
 315.94847
 315.94876
 315.94894
 315.94902
 315.94898
 315.94884
 315.94859
 315.94823
 315.94777
 315.94722
 315.94657
 315.94584
 315.94503
 315.94415
 315.94322
 315.94223
 315.94119
 315.94013
 315.93968
 315.93986
 315.94001
 315.94013
 315.94022
 315.94026
 315.94026
 315.94021
 315.94012
 315.93997
 315.93978
 315.94088
 315.94341
 315.94618
 315.94918
 315.95241
 315.95584
 315.95940
 315.96298
 315.96641
 315.96939
 315.97150
 315.97211
 315.97031
 315.96481
 315.95382
 315.93488
 315.90594
 315.86496
 315.80624
 315.72272
 315.61030
 315.46644
 315.29296
 315.10068
 314.91051
 314.75092
 314.64864
 314.61413
 314.62756
 314.63076
 314.52434
 314.16644
 313.39010
 312.09970
 310.54737
 309.55683
 309.92327
 311.40241
 313.05534
 314.29239
 315.04607
 315.45175
 315.64645
 315.72188
 315.73287
 315.71083
 315.67429
 315.63536
 315.60314
 315.58527
 315.58690
 315.60963
 315.65144
 315.70739
 315.76987
 315.83335
 315.89157
 315.93801
 315.97160
 315.99290
 316.00331
 316.00435
 315.99719
 315.98232
 315.95941
 315.92731
 315.88399
 315.82670
 315.75218
 315.65708
 315.54060
 315.40190
 315.24218
 315.07032
 314.90197
 314.75844
 314.66358
 314.63672
 314.68277
 314.79192
 314.94516
 315.11936
 315.29368
 315.45333
 315.59020
 315.70162
 315.78849
 315.85364
 315.90059
 315.93285
 315.95352
 315.96521
 315.97076
 315.97188
 315.96923
 315.96416
 315.95766
 315.95039
 315.94304
 315.93617
 315.93019
 315.92608
 315.92553
 315.92762
 315.93049
 315.93404
 315.93813
 315.94364
 315.95048
 315.95751
 315.96454
 315.97141
 315.97793
 315.98484
 315.99282
 316.00085
 316.00796
 316.01402
 316.01889
 316.02246
 316.02458
 316.02510
 316.02387
 316.02074
 316.01852
 316.01778
 316.01605
 316.01272
 316.00594
 315.99118
 315.95576
 315.86872
 315.65941
 315.17321
 314.11408
 312.10185
 309.28576
 307.40598
 308.35046
 311.03193
 313.28345
 314.50772
 315.02021
 315.16672
 315.14823
 315.06662
 314.97716
 314.91243
 314.89025
 314.92025
 315.00055
 315.12140
 315.26735
 315.41961
 315.56490
 315.69446
 315.80338
 315.89083
 315.95647
 315.99957
 316.02106
 316.02226
 316.00510
 315.97231
 315.92749
 315.87465
 315.81757
 315.75915
 315.70047
 315.64438
 315.58593
 315.52387
 315.45626
 315.38140
 315.30104
 315.21801
 315.13552
 315.05705
 314.98300
 314.90784
 314.81792
 314.69089
 314.49710
 314.20297
 313.77762
 313.19486
 312.43723
 311.51609
 310.52271
 309.71633
 309.50257
 310.12234
 311.35673
 312.72154
 313.86611
 314.68871
 315.23082
 315.57190
 315.78025
 315.90339
 315.97340
 316.01064
 316.02785
 316.03296
 316.03090
 316.02475
 316.01641
 316.00706
 315.99742
 315.98790
 315.97875
 315.97010
 315.96200
 315.95582
 315.95137
 315.94714
 315.94313
 315.94011
 315.93805
 315.93704
 315.93702
 315.94041
 315.94817
 315.95770
 315.96798
 315.97480
 315.96435
 315.89440
 315.63717
 314.80678
 312.31129
 306.07444
 298.04527
 299.59660
 308.05272
 313.18287
 315.09652
 315.72031
 315.90925
 315.95676
 315.95980
 315.95041
 315.93899
 315.92862
 315.91993
 315.91529
 315.91377
 315.91219
 315.91053
 315.90883
 315.90709
 315.90532
 315.90354
 315.90176
 315.90050
 315.89978
 315.89910
 315.89849
 315.89793
 315.89744
 315.89701
 315.89665
 315.89635
 315.89815
 315.90304
 315.90934
 315.91635
 315.92391
 315.93164
 315.93865
 315.94318
 315.94195
 315.92898
 315.89382
 315.81875
 315.67742
 315.42854
 315.01969
 314.41470
 313.65027
 312.90921
 312.49998
 312.64513
 313.26187
 314.04214
 314.71106
 315.14090
 315.29959
 315.16689
 314.68707
 313.78077
 312.46425
 311.09119
 310.40213
 310.89681
 312.21198
 313.59275
 314.61804
 315.25117
 315.59809
 315.76651
 315.82658
 315.81556
 315.75247
 315.64431
 315.49224
 315.29671
 315.06285
 314.80608
 314.55622
 314.35474
 314.24369
 314.25121
 314.37441
 314.58103
 314.82774
 315.07798
 315.30243
 315.48879
 315.63521
 315.74559
 315.82597
 315.88236
 315.91978
 315.94183
 315.95073
 315.94742
 315.93186
 315.90395
 315.86301
 315.80862
 315.74248
 315.66877
 315.59451
 315.52903
 315.48219
 315.46182
 315.47117
 315.50788
 315.56472
 315.63329
 315.70496
 315.77245
 315.83075
 315.87719
 315.91302
 315.93983
 315.95878
 315.97182
 315.98058
 315.98629
 315.98972
 315.99118
 315.99056
 315.98727
 315.98027
 315.96978
 315.95399
 315.92865
 315.89200
 315.84012
 315.76754
 315.67113
 315.54957
 315.40480
 315.24323
 315.07838
 314.92324
 314.78346
 314.65357
 314.50817
 314.30260
 313.98649
 313.53471
 312.99059
 312.48864
 312.19957
 312.20434
 312.43109
 312.74348
 313.06413
 313.39300
 313.74377
 314.09926
 314.42285
 314.68877
 314.89399
 315.05089
 315.17559
 315.28098
 315.37547
 315.46254
 315.54236
 315.61461
 315.67874
 315.73438
 315.78376
 315.82833
 315.86583
 315.89650
 315.92190
 315.94194
 315.95692
 315.96770
 315.97501
 315.97951
 315.98172
 315.98411
 315.98736
 315.99009
 315.99254
 315.99475
 315.99652
 315.99711
 315.99491
 315.98657
 315.96553
 315.91915
 315.82331
 315.63264
 315.26572
 314.58634
 313.41878
 311.70681
 309.89405
 309.06594
 309.90748
 311.72990
 313.44082
 314.58541
 315.19719
 315.40675
 315.28683
 314.86035
 314.19520
 313.52271
 313.20450
 313.42941
 313.97720
 314.40084
 314.29284
 313.28195
 311.02681
 307.91091
 306.15156
 307.66782
 310.83181
 313.34054
 314.74199
 315.41749
 315.72360
 315.85676
 315.90928
 315.92573
 315.92661
 315.92132
 315.91411
 315.90683
 315.90021
 315.89449
 315.88967
 315.88748
 315.88748
 315.88748
 315.88748
 315.88748
 315.88748
 315.88748
 315.88748
 315.88748
 315.88748
 315.88748
 315.88748
 315.88748
 315.88748
 315.88748
 315.88748
 315.88748
 315.88748
 315.88748
 315.88971
 315.89452
 315.90001
 315.90610
 315.91253
 315.91875
 315.92379
 315.92602
 315.92290
 315.91076
 315.88476
 315.83922
 315.77066
 315.67688
 315.56019
 315.43379
 315.32237
 315.25350
 315.24668
 315.30593
 315.41525
 315.54504
 315.66206
 315.73488
 315.73083
 315.60446
 315.27916
 314.62889
 313.49174
 311.81078
 309.98712
 309.02032
 309.57686
 311.05638
 312.41906
 313.21611
 313.52864
 313.60483
 313.66818
 313.84590
 314.15578
 314.53857
 314.91753
 315.24006
 315.48667
 315.66080
 315.77610
 315.84797
 315.88973
 315.91155
 315.92069
 315.92363
 315.92339
 315.92249
 315.92264
 315.92286
 315.92358
 315.92486
 315.92644
 315.92778
 315.92805
 315.92628
 315.92294
 315.91736
 315.90841
 315.89752
 315.88708
 315.87980
 315.87946
 315.88693
 315.89968
 315.91535
 315.93120
 315.94497
 315.95522
 315.96118
 315.96213
 315.95652
 315.94075
 315.90735
 315.84217
 315.71954
 315.49516
 315.09986
 314.43565
 313.41677
 312.10887
 310.92098
 310.51287
 311.16900
 312.44602
 313.70435
 314.63190
 315.21888
 315.56114
 315.75124
 315.85236
 315.90358
 315.92752
 315.93693
 315.93890
 315.93734
 315.93435
 315.93105
 315.92798
 315.92538
 315.92330
 315.92170
 315.92215
 315.92428
 315.92612
 315.92756
 315.92851
 315.92883
 315.92840
 315.92710
 315.92478
 315.92239
 315.91989
 315.91625
 315.91144
 315.90548
 315.89846
 315.89055
 315.88348
 315.87776
 315.87252
 315.86822
 315.86533
 315.86424
 315.86520
 315.86824
 315.87305
 315.87885
 315.88423
 315.88685
 315.88304
 315.86706
 315.82998
 315.75789
 315.62943
 315.41317
 315.06708
 314.54668
 313.83472
 313.00192
 312.26508
 311.93130
 312.17762
 312.87926
 313.73138
 314.49112
 315.06331
 315.45221
 315.69474
 315.82401
 315.84574
 315.72031
 315.33705
 314.46806
 312.78090
 310.20535
 307.87415
 307.82238
 310.03030
 312.38120
 313.57654
 313.39445
 311.75559
 308.84871
 306.39037
 306.92393
 309.90954
 312.76177
 314.47732
 315.31758
 315.67322
 315.77189
 315.71085
 315.50455
 315.10470
 314.39784
 313.16970
 311.06742
 307.70849
 303.36950
 299.87436
 298.86004
 299.82549
 302.46980
 306.38934
 310.05691
 312.59313
 314.10913
 314.96762
 315.44541
 315.70936
 315.85328
 315.92949
 315.96742
 315.98676
 315.99759
 316.00357
 316.00822
 316.01151
 316.01121
 316.00269
 315.97952
 315.91823
 315.76327
 315.40454
 314.60899
 312.95621
 310.03952
 306.61264
 305.50642
 307.92479
 311.22938
 313.41224
 314.44906
 314.78115
 314.66340
 314.13740
 313.12545
 311.61675
 310.00811
 309.22358
 309.88695
 311.48524
 313.07052
 314.19079
 314.85952
 315.22374
 315.40968
 315.49962
 315.54041
 315.55704
 315.56177
 315.55957
 315.55128
 315.53543
 315.50943
 315.47036
 315.41569
 315.34376
 315.25442
 315.15075
 315.03914
 314.92493
 314.81695
 314.72624
 314.66188
 314.63303
 314.64546
 314.70026
 314.79335
 314.91599
 315.05618
 315.20089
 315.33746
 315.45526
 315.54761
 315.61239
 315.65254
 315.67569
 315.69246
 315.71343
 315.74569
 315.79061
 315.84541
 315.90300
 315.95497
 315.99643
 316.02547
 316.04265
 316.05002
 316.05011
 316.04527
 316.03740
 316.02780
 316.01730
 316.00632
 315.99502
 315.98342
 315.97348
 315.96599
 315.95876
 315.95095
 315.94303
 315.93554
 315.92905
 315.92403
 315.92082
 315.91998
 315.92138
 315.92422
 315.92866
 315.93410
 315.93932
 315.94387
 315.94740
 315.95098
 315.95470
 315.95743
 315.95932
 315.96055
 315.96129
 315.96169
 315.96185
 315.96181
 315.96149
 315.96070
 315.95909
 315.95612
 315.95099
 315.94263
 315.93080
 315.91349
 315.88691
 315.84821
 315.79582
 315.72678
 315.63923
 315.53299
 315.40931
 315.27606
 315.14675
 315.03921
 314.97149
 314.95560
 314.59758
 313.94398
 313.38536
 312.91474
 312.51036
 312.13015
 311.70922
 311.17840
 310.53563
 309.97412
 309.92077
 310.74348
 311.96019
 313.06328
 314.05419
 314.78665
 315.27487
 315.58126
 315.76458
 315.86834
 315.92185
 315.94414
 315.94780
 315.94293
 315.93500
 315.92551
 315.91631
 315.90834
 315.90173
 315.89580
 315.89135
 315.88405
 315.86461
 315.81739
 315.71060
 315.48681
 315.04064
 314.20022
 312.76855
 310.78368
 309.01854
 308.76704
 310.25406
 312.29396
 313.89289
 314.86954
 315.39845
 315.66996
 315.80604
 315.87185
 315.90255
 315.91564
 315.91911
 315.91566
 315.90509
 315.88721
 315.86122
 315.82749
 315.79114
 315.76372
 315.75402
 315.76406
 315.79271
 315.83293
 315.87532
 315.91204
 315.93890
 315.95505
 315.96163
 315.96013
 315.95132
 315.93466
 315.90794
 315.86914
 315.81184
 315.72619
 315.59711
 315.40223
 315.11770
 314.72163
 314.20928
 313.61771
 313.04219
 312.60157
 312.32415
 312.01107
 311.19806
 308.97808
 305.70988
 303.87772
 305.12908
 307.89468
 310.12984
 311.46547
 312.27017
 312.87678
 313.46098
 314.09358
 314.78955
 315.53744
 315.92845
 315.91642
 315.90379
 315.89379
 315.88720
 315.88245
 315.88131
 315.88315
 315.88533
 315.88837
 315.89101
 315.89133
 315.88829
 315.87761
 315.85392
 315.81263
 315.74927
 315.66096
 315.54845
 315.41829
 315.28388
 315.16374
 315.07636
 315.03317
 315.03376
 315.06664
 315.11709
 315.17045
 315.21634
 315.25316
 315.28614
 315.32065
 315.35902
 315.40188
 315.44567
 315.47922
 315.47990
 315.40800
 315.18871
 314.68741
 313.69455
 311.99318
 309.70316
 307.77096
 307.29538
 307.79621
 307.81719
 307.22139
 307.46648
 309.34358
 311.80817
 313.72136
 314.85823
 315.43282
 315.66908
 315.70368
 315.60508
 315.40580
 315.12856
 314.80671
 314.49648
 314.27186
 314.19876
 314.29627
 314.52525
 314.81538
 315.10159
 315.34242
 315.52172
 315.64547
 315.72547
 315.77505
 315.80620
 315.82612
 315.84112
 315.85504
 315.86947
 315.88374
 315.89447
 315.89414
 315.87070
 315.79685
 315.61774
 315.23526
 314.48329
 313.13656
 311.10074
 308.91078
 307.82380
 308.33438
 309.14964
 308.51246
 305.27499
 299.09971
 295.25467
 297.04699
 299.20126
 299.18372
 297.92805
 296.61339
 295.99269
 296.44009
 298.00752
 300.49593
 303.56470
 306.85016
 310.05638
 312.98396
 315.52939
 316.70817
 316.69428
 316.67278
 316.64128
 316.59719
 316.53619
 316.45242
 316.34071
 316.19684
 316.01989
 315.81560
 315.59675
 315.38491
 315.20943
 315.09746
 315.06274
 315.09859
 315.18028
 315.27556
 315.35708
 315.41201
 315.44144
 315.45703
 315.47768
 315.52104
 315.59752
 315.70760
 315.84310
 315.99101
 316.13753
 316.27052
 316.37968
 316.45487
 316.48285
 316.44230
 316.29698
 315.98753
 315.42859
 314.53381
 313.31591
 312.06909
 311.39828
 311.74513
 312.87321
 314.15792
 315.18416
 315.86731
 316.27893
 316.51251
 316.63896
 316.70362
 316.73353
 316.74661
 316.75174
 316.75245
 316.75160
 316.74985
 316.74798
 316.74733
 316.74791
 316.74851
 316.74895
 316.74893
 316.74950
 316.75000
 316.74836
 316.74398
 316.73615
 316.72406
 316.70683
 316.68350
 316.65312
 316.61490
 316.56825
 316.51309
 316.44994
 316.38020
 316.30617
 316.23106
 316.15869
 316.09302
 316.03755
 315.99474
 315.96567
 315.95307
 315.95625
 315.97090
 315.99472
 316.02559
 316.05766
 316.07712
 316.05116
 315.89707
 315.41039
 314.10946
 311.10570
 306.11159
 302.87805
 305.76222
 310.94707
 314.25703
 315.76771
 316.38512
 316.62119
 316.69563
 316.70101
 316.68259
 316.66771
 316.67483
 316.70729
 316.75436
 316.80273
 316.84324
 316.86628
 316.85131
 316.74426
 316.38949
 315.35187
 312.54935
 306.52856
 300.42446
 302.70751
 309.57775
 313.65881
 315.07431
 315.26307
 314.90466
 314.22294
 313.25762
 312.00245
 310.57825
 309.44885
 309.28132
 310.25111
 311.77916
 313.20110
 314.26143
 314.99640
 315.51221
 315.89140
 316.17923
 316.39740
 316.55682
 316.66361
 316.71933
 316.71701
 316.63227
 316.40827
 315.92670
 314.96987
 313.26239
 310.83791
 308.79431
 308.85250
 310.94712
 313.15728
 314.51082
 315.15575
 315.25463
 314.79609
 313.57633
 311.36762
 309.17818
 309.09869
 311.17062
 313.52368
 315.05985
 315.82152
 316.13338
 316.23614
 316.26531
 316.28641
 316.32449
 316.38482
 316.46107
 316.54255
 316.61903
 316.68320
 316.73348
 316.76917
 316.79056
 316.80078
 316.80296
 316.80113
 316.79938
 316.80022
 316.80444
 316.81214
 316.82247
 316.83402
 316.84528
 316.85496
 316.86215
 316.86639
 316.06203
 314.44852
 312.81005
 311.23909
 309.84894
 308.75854
 308.07306
 307.86295
 308.14827
 308.89385
 310.01741
 311.40909
 312.94945
 314.52827
 314.89236
 313.13238
 310.25225
 307.16415
 304.07838
 301.29251
 299.15203
 297.97318
 297.95021
 299.08948
 301.20750
 303.99105
 307.08998
 310.19965
 313.10281
 315.67548
 316.90115
 315.40695
 311.97762
 307.65958
 302.48488
 296.71858
 290.95607
 286.11355
 283.21073
 282.96806
 285.44909
 290.02629
 295.70056
 301.51499
 306.81117
 311.27126
 314.82978
 316.36813
 316.29330
 316.19991
 316.08823
 315.96156
 315.82879
 315.70260
 315.59590
 315.52125
 315.48659
 315.48983
 315.51706
 315.54427
 315.54440
 315.48828
 315.35092
 315.12548
 314.83250
 314.52652
 314.28241
 314.14850
 314.07553
 313.83950
 312.91379
 310.25796
 304.82574
 299.60763
 301.40644
 307.42190
 311.59776
 313.65475
 314.71465
 315.35224
 315.76795
 316.02764
 316.15628
 316.16288
 316.04561
 315.79641
 315.41383
 314.93001
 314.43328
 314.06902
 313.97868
 314.19931
 314.63626
 315.13990
 315.59227
 315.93966
 316.18100
 316.33779
 316.43437
 316.49022
 316.52095
 316.53516
 316.53548
 316.52174
 316.48920
 316.42723
 316.31760
 316.12999
 315.81986
 315.33582
 314.64264
 313.78588
 312.96965
 312.53067
 312.70614
 313.39934
 314.27944
 315.06473
 315.64446
 316.02714
 316.26245
 316.39949
 316.47527
 316.51355
 316.52810
 316.52708
 316.51468
 316.49256
 316.46079
 316.41854
 316.36456
 316.29781
 316.21809
 316.12680
 316.02774
 315.92904
 315.83982
 315.76922
 315.72726
 315.72047
 315.74997
 315.81105
 315.89468
 315.99003
 316.08699
 316.17780
 316.25762
 316.32424
 316.37746
 316.41829
 316.44841
 316.46968
 316.48391
 316.49270
 316.49742
 316.49915
 316.49877
 316.49695
 316.49418
 316.49365
 316.49634
 316.50035
 316.50561
 316.51096
 316.51254
 316.49930
 316.44152
 316.25982
 315.74303
 314.35317
 310.97718
 305.03316
 301.26449
 305.08998
 311.02377
 314.37997
 315.76139
 316.27886
 316.46849
 316.53809
 316.56535
 316.57947
 316.59020
 316.60013
 316.60962
 316.61534
 316.61405
 316.59638
 316.54471
 316.44055
 316.25511
 315.94000
 315.41696
 314.56349
 313.22429
 311.35232
 309.37207
 308.31398
 308.82671
 310.24619
 311.50220
 312.13383
 312.15402
 311.66474
 310.74922
 309.58274
 308.57314
 308.24863
 308.84232
 310.09378
 311.54642
 312.87513
 313.94583
 314.74505
 315.31504
 315.71087
 315.98185
 316.17001
 316.30375
 316.40002
 316.47027
 316.52126
 316.55705
 316.58034
 316.59320
 316.59749
 316.59491
 316.58706
 316.57648
 316.56577
 316.55465
 316.54242
 316.52981
 316.52105
 316.51646
 316.51261
 316.50970
 316.50786
 316.50712
 316.50836
 316.51127
 316.51441
 316.51775
 316.52148
 316.52336
 316.52396
 316.52093
 316.50482
 316.46185
 316.35620
 316.07629
 315.21305
 312.11262
 301.09455
 283.30964
 291.91939
 306.58481
 311.26959
 312.68919
 313.51118
 314.21157
 314.79482
 315.23515
 315.54195
 315.74739
 315.88065
 315.96184
 316.00905
 316.03457
 315.65203
 314.93473
 314.30967
 313.81319
 313.47605
 313.32002
 313.35522
 313.57893
 313.97602
 314.52113
 315.18206
 315.92354
 316.31647
 316.30455
 316.29399
 316.28353
 316.27274
 316.26187
 316.25118
 316.24101
 316.23168
 316.22351
 316.21684
 316.21190
 316.20893
 316.20803
 316.21045
 316.21624
 316.22478
 316.23589
 316.24872
 316.26294
 316.27818
 316.29465
 316.31199
 316.32918
 316.34581
 316.36139
 316.37539
 316.38721
 316.39608
 316.40176
 316.40313
 316.39816
 316.38519
 316.36233
 316.32758
 316.27913
 316.21808
 316.14485
 316.05960
 315.96717
 315.87536
 315.79526
 315.73678
 315.70462
 315.69520
 315.68936
 315.64403
 315.47891
 315.05700
 314.17665
 312.66229
 310.72810
 309.40983
 309.83393
 311.66129
 313.60263
 314.95645
 315.72221
 316.10173
 316.26355
 316.30739
 316.28434
 316.22077
 316.12948
 316.01676
 315.88924
 315.75107
 315.60493
 315.45731
 315.31451
 315.18040
 315.04584
 314.88053
 314.62948
 314.21138
 313.53548
 312.55797
 311.36427
 310.15782
 309.05002
 307.94870
 307.01800
 307.04116
 308.46293
 310.56270
 312.41171
 313.70879
 314.55911
 315.12644
 315.52089
 315.80286
 316.00553
 316.14944
 316.24920
 316.31602
 316.35861
 316.38370
 316.39638
 316.40042
 316.40013
 316.39905
 316.39658
 316.39173
 316.38638
 316.38106
 316.37507
 316.36938
 316.36418
 316.35896
 316.35382
 316.34884
 316.34407
 316.33952
 316.33522
 316.33117
 316.32736
 316.32380
 316.32046
 316.31823
 316.31747
 316.31782
 316.31878
 316.31978
 316.32102
 316.32250
 316.32397
 316.32546
 316.32694
 316.32843
 316.32991
 316.33139
 316.33499
 316.34078
 316.34656
 316.35207
 316.35781
 316.36362
 316.36858
 316.37262
 316.37571
 316.37785
 316.37909
 316.37952
 316.37932
 316.38062
 316.38399
 316.38811
 316.39503
 316.40736
 316.42296
 316.43860
 316.45227
 316.46002
 316.45516
 316.42548
 316.34825
 316.18045
 315.84174
 315.19238
 314.03637
 312.25491
 310.22804
 309.12527
 309.84137
 311.70705
 313.47534
 314.62366
 315.22324
 315.47935
 315.54905
 315.52895
 315.47928
 315.43667
 315.42187
 315.44306
 315.49810
 315.57754
 315.66837
 315.75747
 315.83405
 315.89084
 315.92588
 315.93876
 315.93048
 315.90670
 315.87517
 315.84492
 315.82486
 315.82213
 315.84157
 315.88321
 315.94255
 316.01349
 316.08917
 316.16337
 316.23141
 316.29043
 316.33921
 316.37774
 316.40685
 316.42771
 316.44164
 316.44986
 316.45341
 316.45303
 316.44917
 316.44196
 316.43113
 316.41692
 316.39810
 316.37201
 316.33701
 316.28985
 316.22569
 316.13984
 316.02870
 315.88815
 315.71516
 315.51444
 315.29800
 315.08746
 314.91456
 314.81244
 314.80373
 314.89049
 315.05286
 315.25719
 315.46770
 315.65478
 315.79694
 315.87788
 315.88134
 315.78573
 315.56081
 315.17060
 314.59129
 313.85616
 313.11168
 312.61922
 312.61364
 313.10230
 313.85912
 314.62111
 315.23953
 315.68260
 315.97655
 316.16191
 316.27438
 316.33997
 316.37613
 316.39412
 316.40101
 316.40123
 316.39751
 316.39153
 316.38433
 316.37718
 316.37134
 316.36633
 316.36140
 316.35662
 316.35206
 316.34775
 316.34370
 316.34226
 316.34322
 316.34401
 316.34461
 316.34504
 316.34527
 316.34531
 316.34517
 316.34484
 316.34432
 316.34362
 316.34275
 316.34265
 316.34341
 316.34420
 316.34502
 316.34590
 316.34686
 316.34790
 316.34965
 316.35208
 316.35522
 316.35905
 316.36283
 316.36643
 316.36965
 316.37218
 316.37359
 316.37324
 316.37025
 316.36334
 316.35073
 316.32995
 316.29764
 316.24990
 316.18086
 316.08267
 315.94729
 315.76738
 315.53942
 315.26891
 314.97665
 314.70233
 314.49925
 314.41682
 314.47757
 314.66503
 314.93264
 315.22618
 315.50301
 315.73928
 315.92737
 316.06972
 316.17334
 316.24632
 316.30022
 316.34236
 316.37402
 316.39565
 316.39718
 316.33558
 316.05596
 315.01029
 311.36602
 301.37635
 291.97161
 300.37723
 310.85780
 314.82755
 315.97403
 316.28203
 316.35358
 316.36136
 316.35480
 316.34671
 316.34061
 316.34008
 316.34480
 316.35034
 316.35565
 316.36058
 316.36496
 316.36849
 316.37082
 316.37142
 316.36961
 316.36446
 316.35478
 316.33975
 316.31755
 316.28551
 316.24153
 316.18386
 316.11152
 316.02517
 315.92785
 315.82578
 315.72837
 315.64719
 315.59371
 315.57626
 315.59744
 315.65327
 315.73450
 315.82944
 315.92685
 316.01801
 316.09748
 316.16416
 316.22069
 316.26724
 316.30315
 316.33052
 316.35128
 316.36700
 316.37884
 316.38736
 316.39236
 316.39260
 316.38516
 316.36440
 316.32010
 316.23423
 316.07600
 315.79523
 315.31792
 314.55886
 313.48665
 312.26995
 311.38569
 311.35371
 312.19352
 313.40167
 314.48629
 315.26038
 315.74777
 316.03307
 316.19181
 316.27575
 316.31687
 316.33404
 316.33814
 316.33540
 316.32933
 316.32340
 316.31862
 316.31395
 316.30967
 316.30744
 316.30753
 316.30859
 316.31206
 316.31770
 316.32377
 316.33009
 316.33633
 316.34183
 316.34545
 316.34520
 316.33774
 316.31747
 316.27528
 316.19654
 316.05867
 315.82911
 315.46685
 314.93679
 314.24329
 313.48923
 312.90773
 312.75947
 313.12353
 313.82143
 314.58095
 315.22356
 315.69466
 316.00972
 316.20895
 316.32891
 316.39517
 316.42219
 316.41450
 316.36691
 316.26246
 316.06706
 315.48403
 314.48539
 313.18379
 311.43637
 309.31964
 307.52517
 307.17949
 308.57002
 310.52903
 312.08118
 313.19855
 313.97174
 314.52245
 314.92852
 315.23573
 315.47104
 315.65138
 315.79041
 315.89789
 315.98064
 316.04342
 316.08975
 316.12246
 316.14396
 316.15739
 316.16857
 316.18113
 316.19365
 316.20358
 316.20127
 316.14456
 315.86703
 314.70743
 310.13054
 296.49455
 287.26849
 301.91570
 312.46895
 315.50176
 316.24194
 316.40794
 316.42994
 316.41494
 316.38917
 316.35706
 316.32027
 316.27398
 316.20936
 316.12189
 316.00734
 315.86311
 315.69037
 315.49678
 315.29884
 315.12189
 314.99578
 314.94586
 314.98315
 315.10153
 315.27791
