   7.90621
   7.90621
   7.90621
   7.90621
   7.90621
   7.90621
   7.90621
   7.90621
   7.90620
   7.90620
   7.90620
   7.90620
   7.90620
   7.90620
   7.90620
   7.90620
   7.90620
   7.90620
   7.90620
   7.90620
   7.90620
   7.90620
   7.90620
   7.90620
   7.90620
   7.90619
   7.90619
   7.90619
   7.90619
   7.90618
   7.90618
   7.90618
   7.90617
   7.90617
   7.90616
   7.90616
   7.90615
   7.90614
   7.90613
   7.90612
   7.90611
   7.90610
   7.90608
   7.90606
   7.90604
   7.90601
   7.90598
   7.90595
   7.90591
   7.90586
   7.90581
   7.90575
   7.90568
   7.90560
   7.90550
   7.90539
   7.90526
   7.90512
   7.90494
   7.90475
   7.90451
   7.90425
   7.90394
   7.90358
   7.90316
   7.90267
   7.90211
   7.90145
   7.90069
   7.89980
   7.89878
   7.89758
   7.89621
   7.89462
   7.89277
   7.89062
   7.88812
   7.88521
   7.88184
   7.87792
   7.87338
   7.86812
   7.86203
   7.85499
   7.84686
   7.83748
   7.82667
   7.81426
   7.80003
   7.78376
   7.76521
   7.74413
   7.72029
   7.69342
   7.66332
   7.62980
   7.59270
   7.55197
   7.50763
   7.45980
   7.40877
   7.35494
   7.29889
   7.24136
   7.18321
   7.12542
   7.06907
   7.01524
   6.96499
   6.91931
   6.87900
   6.84469
   6.81678
   6.79539
   6.78035
   6.77127
   6.76749
   6.76821
   6.77245
   6.77921
   6.78747
   6.79626
   6.80475
   6.81227
   6.81831
   6.82257
   6.82493
   6.82544
   6.82429
   6.82174
   6.81815
   6.81390
   6.80933
   6.80480
   6.80058
   6.79690
   6.79393
   6.79178
   6.79051
   6.79016
   6.79073
   6.79224
   6.79469
   6.79814
   6.80264
   6.80827
   6.81517
   6.82347
   6.83333
   6.84489
   6.85832
   6.87373
   6.89124
   6.91090
   6.93274
   6.95674
   6.98281
   7.01084
   7.04067
   7.07208
   7.10486
   7.13873
   7.17341
   7.20863
   7.24409
   7.27951
   7.31463
   7.34919
   7.38297
   7.41576
   7.44739
   7.47770
   7.50658
   7.53394
   7.55971
   7.58385
   7.60635
   7.62719
   7.64641
   7.66402
   7.68008
   7.69463
   7.70773
   7.71944
   7.72984
   7.73898
   7.74693
   7.75377
   7.75956
   7.76436
   7.76824
   7.77125
   7.77346
   7.77491
   7.77566
   7.77577
   7.77527
   7.77422
   7.77266
   7.77063
   7.76818
   7.76534
   7.76216
   7.75868
   7.75494
   7.75098
   7.74683
   7.74254
   7.73814
   7.73368
   7.72919
   7.72471
   7.72028
   7.71594
   7.71171
   7.70764
   7.70374
   7.70006
   7.69662
   7.69344
   7.69054
   7.68794
   7.68564
   7.68366
   7.68201
   7.68068
   7.67967
   7.67899
   7.67860
   7.67852
   7.67871
   7.67917
   7.67987
   7.68080
   7.68194
   7.68325
   7.68472
   7.68634
   7.68807
   7.68990
   7.69181
   7.69379
   7.69582
   7.69788
   7.69997
   7.70207
   7.70419
   7.70631
   7.70844
   7.71057
   7.71270
   7.71484
   7.71699
   7.71915
   7.72134
   7.72354
   7.72579
   7.72806
   7.73039
   7.73276
   7.73519
   7.73768
   7.74024
   7.74286
   7.74556
   7.74832
   7.75116
   7.75407
   7.75705
   7.76010
   7.76321
   7.76638
   7.76960
   7.77287
   7.77618
   7.77952
   7.78289
   7.78628
   7.78967
   7.79307
   7.79646
   7.79984
   7.80319
   7.80652
   7.80980
   7.81305
   7.81624
   7.81938
   7.82245
   7.82546
   7.82839
   7.83126
   7.83404
   7.83674
   7.83935
   7.84188
   7.84432
   7.84667
   7.84896
   7.85117
   7.85329
   7.85533
   7.85729
   7.85916
   7.86094
   7.86265
   7.86427
   7.86581
   7.86728
   7.86867
   7.86999
   7.87124
   7.87242
   7.87353
   7.87458
   7.87556
   7.87647
   7.87733
   7.87812
   7.87886
   7.87953
   7.88015
   7.88071
   7.88121
   7.88166
   7.88204
   7.88237
   7.88264
   7.88286
   7.88301
   7.88311
   7.88315
   7.88314
   7.88307
   7.88295
   7.88277
   7.88254
   7.88226
   7.88193
   7.88155
   7.88113
   7.88067
   7.88017
   7.87963
   7.87906
   7.87846
   7.87782
   7.87716
   7.87647
   7.87576
   7.87502
   7.87426
   7.87348
   7.87268
   7.87187
   7.87104
   7.87019
   7.86932
   7.86845
   7.86755
   7.86665
   7.86573
   7.86480
   7.86386
   7.86291
   7.86195
   7.86098
   7.86000
   7.85901
   7.85804
   7.85707
   7.85610
   7.85512
   7.85413
   7.85313
   7.85214
   7.85114
   7.85013
   7.84913
   7.84813
   7.84713
   7.84613
   7.84513
   7.84414
   7.84316
   7.84218
   7.84123
   7.84030
   7.83939
   7.83849
   7.83760
   7.83673
   7.83587
   7.83503
   7.83420
   7.83339
   7.83259
   7.83181
   7.83105
   7.83030
   7.82956
   7.82883
   7.82811
   7.82739
   7.82668
   7.82597
   7.82526
   7.82454
   7.82380
   7.82305
   7.82228
   7.82147
   7.82062
   7.81973
   7.81879
   7.81777
   7.81668
   7.81550
   7.81421
   7.81280
   7.81125
   7.80955
   7.80767
   7.80559
   7.80329
   7.80073
   7.79789
   7.79475
   7.79125
   7.78737
   7.78307
   7.77831
   7.77305
   7.76724
   7.76083
   7.75378
   7.74606
   7.73760
   7.72838
   7.71836
   7.70752
   7.69582
   7.68328
   7.66991
   7.65570
   7.64069
   7.62495
   7.60855
   7.59162
   7.57428
   7.55669
   7.53905
   7.52156
   7.50447
   7.48802
   7.47247
   7.45809
   7.44515
   7.43389
   7.42454
   7.41729
   7.41234
   7.40979
   7.40970
   7.41209
   7.41692
   7.42411
   7.43352
   7.44497
   7.45826
   7.47314
   7.48936
   7.50665
   7.52474
   7.54337
   7.56228
   7.58124
   7.60003
   7.61848
   7.63641
   7.65370
   7.67023
   7.68592
   7.70071
   7.71456
   7.72744
   7.73933
   7.75025
   7.76019
   7.76918
   7.77723
   7.78436
   7.79061
   7.79597
   7.80048
   7.80414
   7.80696
   7.80896
   7.81011
   7.81043
   7.80990
   7.80850
   7.80624
   7.80308
   7.79903
   7.79407
   7.78821
   7.78145
   7.77380
   7.76530
   7.75597
   7.74588
   7.73507
   7.72365
   7.71169
   7.69931
   7.68662
   7.67376
   7.66087
   7.64810
   7.63559
   7.62351
   7.61200
   7.60122
   7.59129
   7.58234
   7.57447
   7.56777
   7.56229
   7.55805
   7.55506
   7.55326
   7.55259
   7.55293
   7.55412
   7.55596
   7.55823
   7.56063
   7.56285
   7.56452
   7.56523
   7.56452
   7.56191
   7.55683
   7.54870
   7.53690
   7.52079
   7.49969
   7.47296
   7.44002
   7.40036
   7.35365
   7.29976
   7.23891
   7.17164
   7.09895
   7.02229
   6.94360
   6.86520
   6.78967
   6.71980
   6.65838
   6.60801
   6.57094
   6.54891
   6.54306
   6.55385
   6.58101
   6.62359
   6.68000
   6.74815
   6.82551
   6.90938
   6.99698
   7.08568
   7.17312
   7.25731
   7.33670
   7.41023
   7.47722
   7.53741
   7.59082
   7.63772
   7.67852
   7.71374
   7.74394
   7.76969
   7.79154
   7.81002
   7.82559
   7.83867
   7.84965
   7.85884
   7.86652
   7.87294
   7.87830
   7.88278
   7.88651
   7.88962
   7.89222
   7.89439
   7.89621
   7.89772
   7.89899
   7.90005
   7.90094
   7.90168
   7.90231
   7.90284
   7.90328
   7.90366
   7.90398
   7.90425
   7.90448
   7.90468
   7.90484
   7.90499
   7.90511
   7.90522
   7.90531
   7.90539
   7.90546
   7.90552
   7.90558
   7.90562
   7.90567
   7.90570
   7.90574
   7.90577
   7.90580
   7.90582
   7.90584
   7.90586
   7.90588
   7.90590
   7.90591
   7.90593
   7.90594
   7.90595
   7.90597
   7.90598
   7.90599
   7.90600
   7.90601
   7.90601
   7.90602
   7.90603
   7.90604
   7.90604
   7.90605
   7.90606
   7.90606
   7.90607
   7.90607
   7.90608
   7.90608
   7.90608
   7.90609
   7.90609
   7.90610
   7.90610
   7.90610
   7.90610
   7.90611
   7.90611
   7.90611
   7.90611
   7.90611
   7.90611
   7.90611
   7.90611
   7.90611
   7.90611
   7.90611
   7.90610
   7.90610
   7.90610
   7.90609
   7.90608
   7.90608
   7.90607
   7.90606
   7.90604
   7.90603
   7.90601
   7.90600
   7.90597
   7.90595
   7.90592
   7.90589
   7.90585
   7.90581
   7.90576
   7.90570
   7.90564
   7.90557
   7.90548
   7.90539
   7.90528
   7.90516
   7.90503
   7.90487
   7.90469
   7.90449
   7.90426
   7.90400
   7.90371
   7.90337
   7.90299
   7.90256
   7.90207
   7.90151
   7.90091
   7.90028
   7.89956
   7.89874
   7.89783
   7.89680
   7.89565
   7.89436
   7.89291
   7.89130
   7.88951
   7.88753
   7.88534
   7.88295
   7.88035
   7.87756
   7.87460
   7.87151
   7.86837
   7.86529
   7.86244
   7.86005
   7.85840
   7.85776
   7.85821
   7.85903
   7.85702
   7.84194
   7.78526
   7.62144
   7.27593
   6.91951
   6.99184
   7.35112
   7.58417
   7.65524
   7.64913
   7.61604
   7.57607
   7.53631
   7.49907
   7.46504
   7.43443
   7.40736
   7.38397
   7.36443
   7.34890
   7.33754
   7.33048
   7.32777
   7.32936
   7.33516
   7.34494
   7.35842
   7.37524
   7.39496
   7.41712
   7.44124
   7.46680
   7.49332
   7.52035
   7.54746
   7.57427
   7.60046
   7.62580
   7.65007
   7.67309
   7.69474
   7.71496
   7.73373
   7.75105
   7.76694
   7.78147
   7.79469
   7.80668
   7.81751
   7.82726
   7.83603
   7.84389
   7.85092
   7.85720
   7.86279
   7.86777
   7.87220
   7.87614
   7.87963
   7.88272
   7.88546
   7.88788
   7.89002
   7.89192
   7.89359
   7.89507
   7.89638
   7.89753
   7.89855
   7.89944
   7.90023
   7.90093
   7.90155
   7.90209
   7.90257
   7.90299
   7.90336
   7.90368
   7.90397
   7.90423
   7.90445
   7.90465
   7.90482
   7.90497
   7.90511
   7.90522
   7.90533
   7.90542
   7.90550
   7.90557
   7.90563
   7.90569
   7.90574
   7.90578
   7.90582
   7.90585
   7.90588
   7.90591
   7.90593
   7.90595
   7.90597
   7.90598
   7.90600
   7.90601
   7.90602
   7.90603
   7.90603
   7.90604
   7.90605
   7.90605
   7.90606
   7.90606
   7.90607
   7.90607
   7.90607
   7.90608
   7.90608
   7.90608
   7.90608
   7.90608
   7.90608
   7.90608
   7.90608
   7.90609
   7.90609
   7.90609
   7.90609
   7.90609
   7.90609
   7.90609
   7.90609
   7.90609
   7.90609
   7.90608
   7.90608
   7.90608
   7.90608
   7.90608
   7.90608
   7.90608
   7.90608
   7.90607
   7.90607
   7.90607
   7.90607
   7.90606
   7.90606
   7.90606
   7.90605
   7.90605
   7.90604
   7.90604
   7.90603
   7.90602
   7.90601
   7.90600
   7.90599
   7.90598
   7.90597
   7.90595
   7.90594
   7.90592
   7.90590
   7.90588
   7.90586
   7.90583
   7.90580
   7.90577
   7.90573
   7.90569
   7.90565
   7.90560
   7.90554
   7.90548
   7.90541
   7.90533
   7.90525
   7.90515
   7.90505
   7.90493
   7.90480
   7.90466
   7.90450
   7.90432
   7.90413
   7.90391
   7.90367
   7.90340
   7.90310
   7.90276
   7.90239
   7.90198
   7.90153
   7.90102
   7.90046
   7.89984
   7.89915
   7.89839
   7.89754
   7.89660
   7.89555
   7.89440
   7.89312
   7.89170
   7.89013
   7.88839
   7.88647
   7.88435
   7.88201
   7.87943
   7.87658
   7.87344
   7.86998
   7.86618
   7.86200
   7.85743
   7.85241
   7.84693
   7.84094
   7.83441
   7.82732
   7.81962
   7.81130
   7.80231
   7.79265
   7.78229
   7.77122
   7.75945
   7.74698
   7.73385
   7.72008
   7.70573
   7.69088
   7.67561
   7.66004
   7.64429
   7.62852
   7.61289
   7.59759
   7.58282
   7.56878
   7.55566
   7.54367
   7.53302
   7.52387
   7.51640
   7.51074
   7.50699
   7.50523
   7.50548
   7.50775
   7.51199
   7.51813
   7.52604
   7.53558
   7.54659
   7.55888
   7.57225
   7.58650
   7.60141
   7.61680
   7.63246
   7.64824
   7.66395
   7.67945
   7.69462
   7.70935
   7.72355
   7.73715
   7.75012
   7.76240
   7.77398
   7.78486
   7.79504
   7.80452
   7.81332
   7.82147
   7.82901
   7.83598
   7.84238
   7.84825
   7.85363
   7.85855
   7.86305
   7.86714
   7.87087
   7.87426
   7.87734
   7.88014
   7.88268
   7.88498
   7.88706
   7.88894
   7.89064
   7.89217
   7.89355
   7.89479
   7.89590
   7.89690
   7.89780
   7.89859
   7.89930
   7.89992
   7.90046
   7.90094
   7.90134
   7.90169
   7.90198
   7.90221
   7.90240
   7.90253
   7.90262
   7.90266
   7.90266
   7.90262
   7.90254
   7.90243
   7.90227
   7.90207
   7.90184
   7.90158
   7.90128
   7.90094
   7.90057
   7.90016
   7.89970
   7.89920
   7.89866
   7.89807
   7.89743
   7.89674
   7.89600
   7.89520
   7.89434
   7.89341
   7.89241
   7.89135
   7.89020
   7.88897
   7.88766
   7.88625
   7.88474
   7.88314
   7.88145
   7.87964
   7.87770
   7.87564
   7.87343
   7.87108
   7.86858
   7.86592
   7.86309
   7.86010
   7.85693
   7.85358
   7.85004
   7.84631
   7.84238
   7.83827
   7.83395
   7.82944
   7.82474
   7.81985
   7.81478
   7.80953
   7.80413
   7.79857
   7.79288
   7.78708
   7.78119
   7.77524
   7.76925
   7.76325
   7.75729
   7.75139
   7.74559
   7.73995
   7.73449
   7.72926
   7.72431
   7.71967
   7.71540
   7.71152
   7.70808
   7.70510
   7.70263
   7.70068
   7.69928
   7.69844
   7.69817
   7.69847
   7.69933
   7.70076
   7.70273
   7.70523
   7.70822
   7.71168
   7.71557
   7.71986
   7.72450
   7.72947
   7.73471
   7.74018
   7.74583
   7.75163
   7.75753
   7.76349
   7.76948
   7.77546
   7.78140
   7.78728
   7.79307
   7.79874
   7.80428
   7.80967
   7.81490
   7.81996
   7.82483
   7.82951
   7.83401
   7.83830
   7.84241
   7.84632
   7.85003
   7.85356
   7.85690
   7.86007
   7.86305
   7.86587
   7.86853
   7.87103
   7.87338
   7.87558
   7.87765
   7.87959
   7.88141
   7.88311
   7.88470
   7.88619
   7.88758
   7.88888
   7.89009
   7.89122
   7.89227
   7.89325
   7.89416
   7.89501
   7.89580
   7.89654
   7.89722
   7.89786
   7.89845
   7.89900
   7.89951
   7.89999
   7.90043
   7.90084
   7.90122
   7.90158
   7.90190
   7.90221
   7.90249
   7.90275
   7.90300
   7.90322
   7.90343
   7.90363
   7.90381
   7.90397
   7.90413
   7.90427
   7.90441
   7.90453
   7.90465
   7.90475
   7.90485
   7.90494
   7.90503
   7.90511
   7.90518
   7.90525
   7.90531
   7.90537
   7.90542
   7.90547
   7.90552
   7.90556
   7.90560
   7.90564
   7.90567
   7.90570
   7.90573
   7.90576
   7.90578
   7.90581
   7.90583
   7.90585
   7.90587
   7.90588
   7.90590
   7.90591
   7.90593
   7.90594
   7.90595
   7.90596
   7.90597
   7.90598
   7.90599
   7.90600
   7.90601
   7.90601
   7.90602
   7.90602
   7.90603
   7.90603
   7.90604
   7.90604
   7.90605
   7.90605
   7.90605
   7.90605
   7.90606
   7.90606
   7.90606
   7.90606
   7.90606
   7.90606
   7.90606
   7.90606
   7.90606
   7.90606
   7.90606
   7.90605
   7.90605
   7.90605
   7.90604
   7.90604
   7.90603
   7.90603
   7.90602
   7.90601
   7.90600
   7.90599
   7.90598
   7.90596
   7.90595
   7.90593
   7.90591
   7.90588
   7.90586
   7.90583
   7.90579
   7.90575
   7.90571
   7.90566
   7.90560
   7.90554
   7.90546
   7.90538
   7.90528
   7.90517
   7.90505
   7.90491
   7.90474
   7.90456
   7.90435
   7.90411
   7.90384
   7.90352
   7.90317
   7.90276
   7.90229
   7.90175
   7.90114
   7.90044
   7.89963
   7.89870
   7.89764
   7.89642
   7.89502
   7.89341
   7.89156
   7.88943
   7.88699
   7.88418
   7.88094
   7.87722
   7.87295
   7.86803
   7.86238
   7.85589
   7.84844
   7.83988
   7.83008
   7.81886
   7.80603
   7.79139
   7.77472
   7.75578
   7.73432
   7.71010
   7.68287
   7.65238
   7.61845
   7.58089
   7.53961
   7.49460
   7.44594
   7.39386
   7.33873
   7.28108
   7.22163
   7.16125
   7.10095
   7.04188
   6.98524
   6.93228
   6.88419
   6.84208
   6.80690
   6.77940
   6.76009
   6.74920
   6.74672
   6.75236
   6.76561
   6.78575
   6.81193
   6.84320
   6.87857
   6.91709
   6.95784
   7.00001
   7.04291
   7.08595
   7.12868
   7.17075
   7.21191
   7.25200
   7.29088
   7.32850
   7.36481
   7.39978
   7.43340
   7.46565
   7.49651
   7.52598
   7.55404
   7.58069
   7.60593
   7.62975
   7.65217
   7.67320
   7.69287
   7.71121
   7.72826
   7.74407
   7.75868
   7.77215
   7.78454
   7.79591
   7.80632
   7.81584
   7.82452
   7.83243
   7.83962
   7.84614
   7.85206
   7.85743
   7.86228
   7.86667
   7.87063
   7.87420
   7.87743
   7.88033
   7.88295
   7.88530
   7.88742
   7.88933
   7.89104
   7.89259
   7.89397
   7.89521
   7.89633
   7.89734
   7.89824
   7.89904
   7.89977
   7.90042
   7.90101
   7.90153
   7.90200
   7.90242
   7.90280
   7.90314
   7.90345
   7.90372
   7.90397
   7.90419
   7.90438
   7.90456
   7.90472
   7.90486
   7.90499
   7.90510
   7.90521
   7.90530
   7.90538
   7.90545
   7.90552
   7.90558
   7.90563
   7.90568
   7.90572
   7.90576
   7.90580
   7.90583
   7.90585
   7.90588
   7.90590
   7.90592
   7.90593
   7.90595
   7.90596
   7.90597
   7.90598
   7.90599
   7.90600
   7.90600
   7.90601
   7.90601
   7.90601
   7.90601
   7.90601
   7.90600
   7.90600
   7.90599
   7.90599
   7.90598
   7.90596
   7.90595
   7.90593
   7.90591
   7.90589
   7.90586
   7.90582
   7.90579
   7.90574
   7.90569
   7.90563
   7.90557
   7.90549
   7.90540
   7.90530
   7.90518
   7.90504
   7.90489
   7.90471
   7.90450
   7.90426
   7.90399
   7.90367
   7.90331
   7.90290
   7.90242
   7.90188
   7.90125
   7.90053
   7.89970
   7.89875
   7.89766
   7.89641
   7.89497
   7.89333
   7.89144
   7.88928
   7.88680
   7.88397
   7.88073
   7.87703
   7.87280
   7.86797
   7.86248
   7.85622
   7.84911
   7.84105
   7.83192
   7.82161
   7.80999
   7.79693
   7.78232
   7.76600
   7.74788
   7.72784
   7.70580
   7.68169
   7.65551
   7.62729
   7.59712
   7.56517
   7.53169
   7.49702
   7.46158
   7.42588
   7.39053
   7.35618
   7.32354
   7.29334
   7.26630
   7.24308
   7.22429
   7.21041
   7.20178
   7.19859
   7.20087
   7.20845
   7.22100
   7.23803
   7.25892
   7.28290
   7.30917
   7.33682
   7.36496
   7.39267
   7.41905
   7.44325
   7.46445
   7.48185
   7.49473
   7.50238
   7.50414
   7.49938
   7.48751
   7.46801
   7.44044
   7.40452
   7.36012
   7.30739
   7.24679
   7.17919
   7.10586
   7.02856
   6.94945
   6.87108
   6.79622
   6.72775
   6.66848
   6.62095
   6.58729
   6.56907
   6.56723
   6.58198
   6.61283
   6.65861
   6.71753
   6.78734
   6.86544
   6.94907
   7.03550
   7.12217
   7.20685
   7.28769
   7.36333
   7.43283
   7.49567
   7.55170
   7.60102
   7.64396
   7.68097
   7.71259
   7.73937
   7.76188
   7.78065
   7.79619
   7.80893
   7.81929
   7.82760
   7.83418
   7.83929
   7.84315
   7.84594
   7.84783
   7.84895
   7.84942
   7.84932
   7.84874
   7.84775
   7.84639
   7.84472
   7.84277
   7.84058
   7.83819
   7.83560
   7.83285
   7.82996
   7.82695
   7.82382
   7.82061
   7.81733
   7.81399
   7.81060
   7.80720
   7.80378
   7.80037
   7.79699
   7.79366
   7.79038
   7.78718
   7.78407
   7.78108
   7.77821
   7.77549
   7.77293
   7.77054
   7.76834
   7.76633
   7.76453
   7.76295
   7.76158
   7.76044
   7.75951
   7.75881
   7.75832
   7.75803
   7.75793
   7.75801
   7.75825
   7.75863
   7.75912
   7.75968
   7.76030
   7.76092
   7.76152
   7.76205
   7.76245
   7.76269
   7.76269
   7.76241
   7.76177
   7.76072
   7.75917
   7.75706
   7.75429
   7.75079
   7.74646
   7.74123
   7.73498
   7.72763
   7.71911
   7.70931
   7.69815
   7.68557
   7.67150
   7.65591
   7.63878
   7.62015
   7.60006
   7.57862
   7.55597
   7.53232
   7.50792
   7.48309
   7.45818
   7.43361
   7.40983
   7.38732
   7.36657
   7.34805
   7.33222
   7.31950
   7.31024
   7.30470
   7.30306
   7.30541
   7.31172
   7.32185
   7.33559
   7.35263
   7.37258
   7.39501
   7.41945
   7.44543
   7.47245
   7.50007
   7.52785
   7.55540
   7.58241
   7.60858
   7.63369
   7.65757
   7.68011
   7.70121
   7.72085
   7.73902
   7.75574
   7.77106
   7.78503
   7.79773
   7.80923
   7.81961
   7.82896
   7.83737
   7.84491
   7.85165
   7.85768
   7.86307
   7.86786
   7.87213
   7.87593
   7.87931
   7.88231
   7.88498
   7.88735
   7.88944
   7.89131
   7.89296
   7.89442
   7.89572
   7.89687
   7.89789
   7.89879
   7.89959
   7.90030
   7.90093
   7.90149
   7.90199
   7.90242
   7.90281
   7.90316
   7.90347
   7.90374
   7.90398
   7.90420
   7.90439
   7.90456
   7.90471
   7.90484
   7.90495
   7.90506
   7.90515
   7.90523
   7.90530
   7.90536
   7.90541
   7.90546
   7.90550
   7.90553
   7.90556
   7.90558
   7.90559
   7.90560
   7.90562
   7.90567
   7.90571
   7.90575
   7.90579
   7.90583
   7.90587
   7.90591
   7.90595
   7.90598
   7.90602
   7.90606
   7.90609
   7.90613
   7.90616
   7.90619
   7.90621
   7.90623
   7.90624
   7.90624
   7.90623
   7.90620
   7.90616
   7.90609
   7.90599
   7.90586
   7.90569
   7.90547
   7.90520
   7.90486
   7.90444
   7.90394
   7.90334
   7.90263
   7.90178
   7.90080
   7.89966
   7.89834
   7.89682
   7.89509
   7.89312
   7.89089
   7.88838
   7.88557
   7.88241
   7.87890
   7.87499
   7.87065
   7.86586
   7.86056
   7.85474
   7.84834
   7.84132
   7.83364
   7.82527
   7.81616
   7.80626
   7.79555
   7.78400
   7.77158
   7.75828
   7.74410
   7.72905
   7.71316
   7.69650
   7.67912
   7.66113
   7.64266
   7.62386
   7.60492
   7.58603
   7.56743
   7.54936
   7.53211
   7.51593
   7.50109
   7.48787
   7.47650
   7.46721
   7.46018
   7.45555
   7.45342
   7.45385
   7.45683
   7.46227
   7.47006
   7.48004
   7.49201
   7.50574
   7.52098
   7.53745
   7.55489
   7.57303
   7.59160
   7.61035
   7.62907
   7.64756
   7.66565
   7.68319
   7.70006
   7.71618
   7.73148
   7.74591
   7.75945
   7.77209
   7.78385
   7.79473
   7.80476
   7.81397
   7.82242
   7.83012
   7.83714
   7.84351
   7.84928
   7.85449
   7.85919
   7.86341
   7.86719
   7.87056
   7.87357
   7.87624
   7.87859
   7.88066
   7.88247
   7.88404
   7.88538
   7.88652
   7.88747
   7.88824
   7.88885
   7.88929
   7.88960
   7.88975
   7.88978
   7.88967
   7.88943
   7.88906
   7.88856
   7.88793
   7.88717
   7.88627
   7.88523
   7.88404
   7.88269
   7.88118
   7.87949
   7.87762
   7.87554
   7.87325
   7.87073
   7.86796
   7.86491
   7.86158
   7.85792
   7.85393
   7.84957
   7.84483
   7.83967
   7.83406
   7.82796
   7.82133
   7.81414
   7.80636
   7.79795
   7.78889
   7.77913
   7.76866
   7.75745
   7.74550
   7.73278
   7.71932
   7.70511
   7.69020
   7.67462
   7.65844
   7.64173
   7.62459
   7.60715
   7.58955
   7.57193
   7.55449
   7.53740
   7.52087
   7.50512
   7.49035
   7.47677
   7.46458
   7.45396
   7.44507
   7.43805
   7.43300
   7.42998
   7.42901
   7.43009
   7.43317
   7.43815
   7.44493
   7.45335
   7.46324
   7.47443
   7.48671
   7.49990
   7.51377
   7.52814
   7.54281
   7.55766
   7.57254
   7.58727
   7.60175
   7.61589
   7.62960
   7.64283
   7.65554
   7.66770
   7.67930
   7.69032
   7.70078
   7.71068
   7.72004
   7.72887
   7.73719
   7.74501
   7.75234
   7.75919
   7.76558
   7.77151
   7.77698
   7.78201
   7.78662
   7.79081
   7.79461
   7.79805
   7.80115
   7.80394
   7.80646
   7.80872
   7.81076
   7.81260
   7.81424
   7.81571
   7.81701
   7.81815
   7.81912
   7.81994
   7.82060
   7.82109
   7.82143
   7.82159
   7.82159
   7.82141
   7.82105
   7.82052
   7.81984
   7.81901
   7.81798
   7.81677
   7.81537
   7.81378
   7.81201
   7.81007
   7.80795
   7.80566
   7.80322
   7.80062
   7.79787
   7.79500
   7.79200
   7.78890
   7.78570
   7.78243
   7.77910
   7.77574
   7.77235
   7.76897
   7.76562
   7.76232
   7.75910
   7.75598
   7.75298
   7.75014
   7.74747
   7.74501
   7.74277
   7.74079
   7.73906
   7.73763
   7.73650
   7.73568
   7.73520
   7.73504
   7.73523
   7.73577
   7.73664
   7.73786
   7.73940
   7.74127
   7.74345
   7.74591
   7.74866
   7.75166
   7.75490
   7.75835
   7.76199
   7.76580
   7.76975
   7.77383
   7.77800
   7.78224
   7.78654
   7.79086
   7.79519
   7.79952
   7.80382
   7.80807
   7.81227
   7.81640
   7.82045
   7.82440
   7.82826
   7.83201
   7.83564
   7.83916
   7.84255
   7.84582
   7.84896
   7.85198
   7.85486
   7.85762
   7.86025
   7.86276
   7.86515
   7.86741
   7.86955
   7.87158
   7.87350
   7.87531
   7.87701
   7.87860
   7.88009
   7.88148
   7.88278
   7.88398
   7.88509
   7.88611
   7.88704
   7.88788
   7.88863
   7.88929
   7.88987
   7.89036
   7.89075
   7.89106
   7.89127
   7.89139
   7.89140
   7.89131
   7.89110
   7.89078
   7.89033
   7.88975
   7.88902
   7.88814
   7.88709
   7.88585
   7.88441
   7.88276
   7.88087
   7.87872
   7.87629
   7.87355
   7.87047
   7.86703
   7.86318
   7.85890
   7.85415
   7.84888
   7.84307
   7.83665
   7.82960
   7.82187
   7.81342
   7.80421
   7.79420
   7.78337
   7.77168
   7.75913
   7.74571
   7.73143
   7.71633
   7.70044
   7.68383
   7.66661
   7.64887
   7.63077
   7.61248
   7.59419
   7.57612
   7.55850
   7.54159
   7.52565
   7.51094
   7.49772
   7.48624
   7.47670
   7.46930
   7.46418
   7.46146
   7.46119
   7.46338
   7.46797
   7.47488
   7.48397
   7.49506
   7.50793
   7.52234
   7.53805
   7.55479
   7.57230
   7.59033
   7.60862
   7.62697
   7.64517
   7.66304
   7.68043
   7.69723
   7.71333
   7.72867
   7.74318
   7.75684
   7.76964
   7.78156
   7.79264
   7.80287
   7.81230
   7.82096
   7.82889
   7.83612
   7.84270
   7.84867
   7.85407
   7.85894
   7.86331
   7.86723
   7.87073
   7.87383
   7.87657
   7.87897
   7.88105
   7.88283
   7.88433
   7.88556
   7.88653
   7.88726
   7.88774
   7.88798
   7.88798
   7.88773
   7.88723
   7.88646
   7.88542
   7.88409
   7.88245
   7.88047
   7.87813
   7.87539
   7.87222
   7.86857
   7.86441
   7.85967
   7.85430
   7.84825
   7.84145
   7.83383
   7.82532
   7.81584
   7.80532
   7.79369
   7.78088
   7.76682
   7.75147
   7.73477
   7.71671
   7.69730
   7.67656
   7.65456
   7.63141
   7.60726
   7.58230
   7.55679
   7.53102
   7.50534
   7.48014
   7.45583
   7.43286
   7.41168
   7.39274
   7.37644
   7.36316
   7.35322
   7.34686
   7.34424
   7.34542
   7.35038
   7.35898
   7.37102
   7.38621
   7.40420
   7.42457
   7.44690
   7.47074
   7.49564
   7.52117
   7.54692
   7.57255
   7.59773
   7.62219
   7.64572
   7.66814
   7.68935
   7.70925
   7.72780
   7.74499
   7.76084
   7.77537
   7.78864
   7.80070
   7.81163
   7.82150
   7.83038
   7.83835
   7.84549
   7.85185
   7.85752
   7.86255
   7.86701
   7.87095
   7.87441
   7.87746
   7.88011
   7.88243
   7.88443
   7.88615
   7.88762
   7.88886
   7.88989
   7.89073
   7.89142
   7.89199
   7.89242
   7.89272
   7.89290
   7.89298
   7.89295
   7.89283
   7.89262
   7.89233
   7.89199
   7.89164
   7.89123
   7.89077
   7.89027
   7.88975
   7.88920
   7.88864
   7.88809
   7.88758
   7.88712
   7.88677
   7.88657
   7.88660
   7.88696
   7.88779
   7.88926
   7.89161
   7.89510
   7.90007
   7.90674
   7.91503
   7.92420
   7.93195
   7.93307
   7.91807
   7.87439
   7.79729
   7.71274
   7.67802
   7.72039
   7.79842
   7.85896
   7.88549
   7.88648
   7.87426
   7.85726
   7.83984
   7.82386
   7.80986
   7.79780
   7.78745
   7.77851
   7.77075
   7.76394
   7.75793
   7.75259
   7.74784
   7.74361
   7.73986
   7.73656
   7.73369
   7.73124
   7.72920
   7.72757
   7.72639
   7.72564
   7.72532
   7.72541
   7.72597
   7.72698
   7.72841
   7.73025
   7.73248
   7.73510
   7.73808
   7.74141
   7.74504
   7.74896
   7.75313
   7.75752
   7.76208
   7.76679
   7.77161
   7.77651
   7.78146
   7.78642
   7.79136
   7.79626
   7.80111
   7.80586
   7.81051
   7.81504
   7.81944
   7.82368
   7.82777
   7.83169
   7.83544
   7.83903
   7.84247
   7.84570
   7.84875
   7.85160
   7.85425
   7.85671
   7.85900
   7.86113
   7.86307
   7.86482
   7.86640
   7.86779
   7.86900
   7.87004
   7.87089
   7.87157
   7.87208
   7.87243
   7.87260
   7.87262
   7.87249
   7.87222
   7.87182
   7.87132
   7.87075
   7.87013
   7.86952
   7.86898
   7.86859
   7.86845
   7.86868
   7.86943
   7.87084
   7.87304
   7.87606
   7.87971
   7.88328
   7.88499
   7.88108
   7.86437
   7.82353
   7.74691
   7.63939
   7.54608
   7.53069
   7.59728
   7.68446
   7.74324
   7.76589
   7.76357
   7.74805
   7.72698
   7.70452
   7.68270
   7.66242
   7.64403
   7.62765
   7.61327
   7.60085
   7.59037
   7.58179
   7.57509
   7.57023
   7.56719
   7.56594
   7.56641
   7.56856
   7.57228
   7.57749
   7.58408
   7.59191
   7.60084
   7.61074
   7.62146
   7.63283
   7.64471
   7.65695
   7.66942
   7.68199
   7.69454
   7.70696
   7.71916
   7.73109
   7.74269
   7.75386
   7.76456
   7.77478
   7.78448
   7.79365
   7.80230
   7.81043
   7.81803
   7.82513
   7.83175
   7.83789
   7.84359
   7.84886
   7.85372
   7.85820
   7.86233
   7.86612
   7.86960
   7.87279
   7.87571
   7.87837
   7.88081
   7.88303
   7.88505
   7.88688
   7.88855
   7.89006
   7.89143
   7.89266
   7.89377
   7.89476
   7.89565
   7.89643
   7.89711
   7.89770
   7.89821
   7.89862
   7.89895
   7.89920
   7.89935
   7.89942
   7.89939
   7.89926
   7.89902
   7.89867
   7.89818
   7.89755
   7.89675
   7.89577
   7.89457
   7.89314
   7.89142
   7.88939
   7.88699
   7.88416
   7.88085
   7.87698
   7.87246
   7.86719
   7.86107
   7.85396
   7.84574
   7.83623
   7.82528
   7.81269
   7.79826
   7.78177
   7.76302
   7.74177
   7.71781
   7.69096
   7.66105
   7.62798
   7.59171
   7.55230
   7.50994
   7.46492
   7.41770
   7.36892
   7.31935
   7.26993
   7.22171
   7.17583
   7.13347
   7.09577
   7.06379
   7.03846
   7.02047
   7.01030
   7.00809
   7.01373
   7.02678
   7.04653
   7.07202
   7.10208
   7.13540
   7.17061
   7.20627
   7.24103
   7.27357
   7.30273
   7.32746
   7.34690
   7.36035
   7.36728
   7.36735
   7.36039
   7.34642
   7.32568
   7.29860
   7.26583
   7.22825
   7.18697
   7.14332
   7.09879
   7.05502
   7.01369
   6.97651
   6.94507
   6.92080
   6.90488
   6.89815
   6.90112
   6.91388
   6.93617
   6.96733
   7.00642
   7.05221
   7.10331
   7.15824
   7.21550
   7.27368
   7.33148
   7.38779
   7.44170
   7.49254
   7.53983
   7.58329
   7.62280
   7.65838
   7.69015
   7.71832
   7.74312
   7.76485
   7.78378
   7.80020
   7.81439
   7.82662
   7.83711
   7.84609
   7.85377
   7.86030
   7.86585
   7.87056
   7.87454
   7.87789
   7.88071
   7.88307
   7.88504
   7.88667
   7.88802
   7.88913
   7.89002
   7.89074
   7.89130
   7.89173
   7.89205
   7.89227
   7.89241
   7.89247
   7.89247
   7.89242
   7.89232
   7.89218
   7.89199
   7.89178
   7.89153
   7.89125
   7.89095
   7.89062
   7.89026
   7.88988
   7.88947
   7.88904
   7.88858
   7.88809
   7.88758
   7.88703
   7.88644
   7.88582
   7.88516
   7.88445
   7.88370
   7.88288
   7.88200
   7.88106
   7.88003
   7.87892
   7.87770
   7.87638
   7.87493
   7.87333
   7.87158
   7.86965
   7.86752
   7.86516
   7.86255
   7.85965
   7.85643
   7.85285
   7.84886
   7.84443
   7.83949
   7.83400
   7.82789
   7.82110
   7.81355
   7.80517
   7.79589
   7.78562
   7.77429
   7.76182
   7.74813
   7.73317
   7.71686
   7.69918
   7.68009
   7.65962
   7.63778
   7.61466
   7.59037
   7.56507
   7.53898
   7.51236
   7.48553
   7.45886
   7.43276
   7.40767
   7.38405
   7.36236
   7.34306
   7.32658
   7.31327
   7.30346
   7.29736
   7.29511
   7.29675
   7.30221
   7.31133
   7.32386
   7.33947
   7.35775
   7.37827
   7.40055
   7.42412
   7.44849
   7.47322
   7.49788
   7.52209
   7.54551
   7.56788
   7.58896
   7.60857
   7.62657
   7.64287
   7.65741
   7.67016
   7.68112
   7.69029
   7.69770
   7.70339
   7.70740
   7.70979
   7.71061
   7.70991
   7.70776
   7.70421
   7.69934
   7.69320
   7.68589
   7.67748
   7.66807
   7.65776
   7.64668
   7.63494
   7.62269
   7.61009
   7.59732
   7.58455
   7.57199
   7.55982
   7.54826
   7.53751
   7.52778
   7.51924
   7.51207
   7.50642
   7.50241
   7.50015
   7.49969
   7.50107
   7.50426
   7.50925
   7.51594
   7.52423
   7.53399
   7.54507
   7.55730
   7.57049
   7.58446
   7.59902
   7.61400
   7.62921
   7.64449
   7.65971
   7.67472
   7.68941
   7.70369
   7.71747
   7.73070
   7.74333
   7.75532
   7.76666
   7.77734
   7.78736
   7.79672
   7.80545
   7.81356
   7.82108
   7.82804
   7.83446
   7.84037
   7.84581
   7.85081
   7.85539
   7.85959
   7.86343
   7.86694
   7.87015
   7.87308
   7.87576
   7.87820
   7.88042
   7.88245
   7.88430
   7.88598
   7.88752
   7.88891
   7.89018
   7.89134
   7.89239
   7.89335
   7.89422
   7.89501
   7.89572
   7.89637
   7.89696
   7.89749
   7.89796
   7.89839
   7.89876
   7.89909
   7.89938
   7.89962
   7.89983
   7.89999
   7.90011
   7.90018
   7.90021
   7.90020
   7.90013
   7.90001
   7.89983
   7.89958
   7.89926
   7.89886
   7.89838
   7.89779
   7.89708
   7.89625
   7.89526
   7.89411
   7.89277
   7.89122
   7.88941
   7.88732
   7.88491
   7.88213
   7.87894
   7.87527
   7.87106
   7.86624
   7.86073
   7.85445
   7.84728
   7.83914
   7.82990
   7.81944
   7.80764
   7.79436
   7.77946
   7.76281
   7.74430
   7.72380
   7.70124
   7.67654
   7.64971
   7.62078
   7.58986
   7.55712
   7.52283
   7.48735
   7.45114
   7.41475
   7.37880
   7.34401
   7.31112
   7.28090
   7.25410
   7.23145
   7.21355
   7.20093
   7.19395
   7.19282
   7.19758
   7.20808
   7.22405
   7.24504
   7.27043
   7.29955
   7.33166
   7.36599
   7.40178
   7.43833
   7.47497
   7.51114
   7.54635
   7.58023
   7.61249
   7.64294
   7.67149
   7.69811
   7.72286
   7.74585
   7.76724
   7.78724
   7.80613
   7.82419
   7.84177
   7.85922
   7.87685
   7.89487
   7.91314
   7.93078
   7.94535
   7.95146
   7.93902
   7.89359
   7.80665
   7.70376
   7.65644
   7.71018
   7.81832
   7.90985
   7.96009
   7.97794
   7.97793
   7.97016
   7.96005
   7.95015
   7.94143
   7.93415
   7.92824
   7.92353
   7.91980
   7.91686
   7.91456
   7.91275
   7.91132
   7.91020
   7.90931
   7.90860
   7.90804
   7.90759
   7.90725
   7.90701
   7.90683
   7.90670
   7.90662
   7.90657
   7.90655
   7.90657
   7.90661
   7.90669
   7.90679
   7.90694
   7.90716
   7.90740
   7.90768
   7.90799
   7.90835
   7.90876
   7.90924
   7.90980
   7.91045
   7.91121
   7.91211
   7.91318
   7.91444
   7.91594
   7.91773
   7.91988
   7.92246
   7.92557
   7.92932
   7.93385
   7.93929
   7.94580
   7.95349
   7.96232
   7.97196
   7.98128
   7.98747
   7.98418
   7.95836
   7.88780
   7.75156
   7.57931
   7.49601
   7.58818
   7.76097
   7.89344
   7.96076
   7.98478
   7.98725
   7.98075
   7.97135
   7.96173
   7.95294
   7.94532
   7.93886
   7.93346
   7.92896
   7.92524
   7.92214
   7.91957
   7.91742
   7.91562
   7.91410
   7.91282
   7.91174
   7.91081
   7.91001
   7.90931
   7.90870
   7.90817
   7.90769
   7.90726
   7.90687
   7.90650
   7.90616
   7.90583
   7.90551
   7.90519
   7.90488
   7.90456
   7.90422
   7.90388
   7.90351
   7.90312
   7.90270
   7.90225
   7.90176
   7.90124
   7.90069
   7.90008
   7.89940
   7.89864
   7.89780
   7.89686
   7.89581
   7.89464
   7.89335
   7.89191
   7.89031
   7.88853
   7.88656
   7.88438
   7.88195
   7.87926
   7.87629
   7.87300
   7.86936
   7.86535
   7.86092
   7.85604
   7.85069
   7.84480
   7.83836
   7.83131
   7.82361
   7.81524
   7.80615
   7.79631
   7.78569
   7.77428
   7.76206
   7.74903
   7.73521
   7.72062
   7.70531
   7.68934
   7.67281
   7.65582
   7.63851
   7.62104
   7.60358
   7.58635
   7.56957
   7.55345
   7.53826
   7.52423
   7.51159
   7.50058
   7.49140
   7.48421
   7.47917
   7.47637
   7.47586
   7.47766
   7.48174
   7.48800
   7.49633
   7.50656
   7.51850
   7.53194
   7.54663
   7.56235
   7.57884
   7.59587
   7.61321
   7.63065
   7.64799
   7.66507
   7.68174
   7.69788
   7.71339
   7.72819
   7.74223
   7.75546
   7.76788
   7.77946
   7.79022
   7.80016
   7.80932
   7.81770
   7.82535
   7.83230
   7.83858
   7.84421
   7.84925
   7.85370
   7.85761
   7.86100
   7.86388
   7.86629
   7.86823
   7.86971
   7.87075
   7.87133
   7.87147
   7.87114
   7.87035
   7.86907
   7.86727
   7.86493
   7.86201
   7.85848
   7.85427
   7.84935
   7.84364
   7.83709
   7.82962
   7.82116
   7.81163
   7.80095
   7.78904
   7.77583
   7.76123
   7.74521
   7.72769
   7.70868
   7.68815
   7.66616
   7.64277
   7.61809
   7.59231
   7.56563
   7.53834
   7.51078
   7.48334
   7.45645
   7.43058
   7.40623
   7.38391
   7.36410
   7.34726
   7.33380
   7.32406
   7.31827
   7.31660
   7.31908
   7.32566
   7.33616
   7.35032
   7.36779
   7.38818
   7.41104
   7.43584
   7.46209
   7.48929
   7.51698
   7.54474
   7.57219
   7.59901
   7.62493
   7.64975
   7.67331
   7.69553
   7.71634
   7.73573
   7.75372
   7.77036
   7.78573
   7.79992
   7.81304
   7.82521
   7.83657
   7.84729
   7.85754
   7.86750
   7.87741
   7.88750
   7.89806
   7.90936
   7.92167
   7.93507
   7.94918
   7.96232
   7.96959
   7.95862
   7.90161
   7.75219
   7.49755
   7.30589
   7.40593
   7.67183
   7.86694
   7.95458
   7.98085
   7.98113
   7.97245
   7.96181
   7.95181
   7.94321
   7.93612
   7.93038
   7.92577
   7.92207
   7.91910
   7.91672
   7.91480
   7.91325
   7.91199
   7.91095
   7.91011
   7.90941
   7.90884
   7.90836
   7.90796
   7.90763
   7.90735
   7.90711
   7.90691
   7.90674
   7.90659
   7.90646
   7.90636
   7.90626
   7.90618
   7.90611
   7.90605
   7.90600
   7.90595
   7.90593
   7.90594
   7.90594
   7.90595
   7.90595
   7.90596
   7.90596
   7.90596
   7.90596
   7.90597
   7.90597
   7.90597
   7.90597
   7.90597
   7.90597
   7.90597
   7.90597
   7.90597
   7.90598
   7.90598
   7.90598
   7.90598
   7.90598
   7.90597
   7.90597
   7.90597
   7.90597
   7.90597
   7.90597
   7.90597
   7.90597
   7.90597
   7.90597
   7.90597
   7.90597
   7.90597
   7.90596
   7.90596
   7.90596
   7.90596
   7.90596
   7.90595
   7.90595
   7.90595
   7.90595
   7.90594
   7.90594
   7.90594
   7.90594
   7.90593
   7.90593
   7.90592
   7.90592
   7.90591
   7.90591
   7.90590
   7.90590
   7.90589
   7.90588
   7.90587
   7.90586
   7.90585
   7.90584
   7.90583
   7.90582
   7.90581
   7.90579
   7.90578
   7.90576
   7.90574
   7.90572
   7.90570
   7.90567
   7.90565
   7.90562
   7.90559
   7.90555
   7.90552
   7.90548
   7.90543
   7.90539
   7.90534
   7.90528
   7.90522
   7.90515
   7.90508
   7.90500
   7.90491
   7.90482
   7.90471
   7.90460
   7.90448
   7.90435
   7.90420
   7.90404
   7.90387
   7.90368
   7.90347
   7.90325
   7.90300
   7.90273
   7.90244
   7.90212
   7.90177
   7.90139
   7.90098
   7.90053
   7.90003
   7.89950
   7.89891
   7.89828
   7.89758
   7.89682
   7.89600
   7.89510
   7.89413
   7.89306
   7.89191
   7.89065
   7.88928
   7.88780
   7.88618
   7.88443
   7.88253
   7.88047
   7.87824
   7.87582
   7.87321
   7.87039
   7.86734
   7.86405
   7.86051
   7.85670
   7.85261
   7.84822
   7.84351
   7.83849
   7.83313
   7.82742
   7.82136
   7.81494
   7.80815
   7.80100
   7.79350
   7.78564
   7.77744
   7.76893
   7.76013
   7.75108
   7.74180
   7.73236
   7.72280
   7.71319
   7.70360
   7.69409
   7.68477
   7.67570
   7.66699
   7.65871
   7.65097
   7.64385
   7.63743
   7.63181
   7.62704
   7.62320
   7.62032
   7.61845
   7.61762
   7.61782
   7.61906
   7.62131
   7.62454
   7.62870
   7.63373
   7.63956
   7.64611
   7.65329
   7.66101
   7.66919
   7.67773
   7.68653
   7.69551
   7.70459
   7.71369
   7.72272
   7.73164
   7.74038
   7.74889
   7.75712
   7.76504
   7.77262
   7.77984
   7.78668
   7.79313
   7.79917
   7.80482
   7.81006
   7.81490
   7.81935
   7.82341
   7.82710
   7.83042
   7.83338
   7.83601
   7.83830
   7.84028
   7.84195
   7.84332
   7.84442
   7.84525
   7.84582
   7.84614
   7.84622
   7.84608
   7.84572
   7.84516
   7.84439
   7.84344
   7.84230
   7.84099
   7.83952
   7.83788
   7.83610
   7.83418
   7.83213
   7.82995
   7.82766
   7.82526
   7.82276
   7.82018
   7.81752
   7.81480
   7.81203
   7.80921
   7.80636
   7.80350
   7.80063
   7.79777
   7.79494
   7.79214
   7.78940
   7.78673
   7.78413
   7.78163
   7.77924
   7.77697
   7.77483
   7.77284
   7.77101
   7.76934
   7.76786
   7.76655
   7.76544
   7.76452
   7.76380
   7.76328
   7.76296
   7.76284
   7.76292
   7.76318
   7.76364
   7.76426
   7.76506
   7.76601
   7.76711
   7.76834
   7.76970
   7.77116
   7.77270
   7.77433
   7.77601
   7.77773
   7.77949
   7.78125
   7.78300
   7.78474
   7.78644
   7.78808
   7.78966
   7.79116
   7.79255
   7.79384
   7.79501
   7.79604
   7.79696
   7.79777
   7.79842
   7.79891
   7.79923
   7.79937
   7.79934
   7.79913
   7.79875
   7.79818
   7.79745
   7.79657
   7.79554
   7.79438
   7.79313
   7.79182
   7.79048
   7.78917
   7.78796
   7.78690
   7.78608
   7.78559
   7.78549
   7.78585
   7.78669
   7.78800
   7.78967
   7.79149
   7.79318
   7.79433
   7.79457
   7.79356
   7.79120
   7.78761
   7.78317
   7.77830
   7.77329
   7.76811
   7.76250
   7.75610
   7.74872
   7.74040
   7.73142
   7.72222
   7.71325
   7.70493
   7.69755
   7.69133
   7.68634
   7.68262
   7.68013
   7.67880
   7.67854
   7.67926
   7.68086
   7.68325
   7.68633
   7.69001
   7.69423
   7.69890
   7.70395
   7.70932
   7.71495
   7.72078
   7.72676
   7.73284
   7.73898
   7.74514
   7.75127
   7.75736
   7.76337
   7.76928
   7.77509
   7.78079
   7.78632
   7.79168
   7.79686
   7.80184
   7.80664
   7.81124
   7.81564
   7.81985
   7.82386
   7.82769
   7.83132
   7.83478
   7.83806
   7.84117
   7.84411
   7.84689
   7.84952
   7.85200
   7.85434
   7.85654
   7.85862
   7.86057
   7.86241
   7.86413
   7.86575
   7.86727
   7.86869
   7.87002
   7.87126
   7.87242
   7.87349
   7.87450
   7.87543
   7.87629
   7.87708
   7.87782
   7.87849
   7.87910
   7.87965
   7.88015
   7.88060
   7.88099
   7.88134
   7.88163
   7.88188
   7.88208
   7.88223
   7.88234
   7.88240
   7.88241
   7.88238
   7.88231
   7.88219
   7.88203
   7.88182
   7.88156
   7.88126
   7.88092
   7.88052
   7.88008
   7.87960
   7.87906
   7.87848
   7.87784
   7.87716
   7.87642
   7.87564
   7.87480
   7.87391
   7.87296
   7.87196
   7.87090
   7.86979
   7.86863
   7.86741
   7.86613
   7.86480
   7.86341
   7.86197
   7.86047
   7.85891
   7.85731
   7.85565
   7.85394
   7.85218
   7.85037
   7.84852
   7.84662
   7.84468
   7.84271
   7.84070
   7.83865
   7.83658
   7.83448
   7.83237
   7.83023
   7.82807
   7.82591
   7.82373
   7.82154
   7.81935
   7.81715
   7.81494
   7.81272
   7.81048
   7.80822
   7.80593
   7.80360
   7.80121
   7.79873
   7.79614
   7.79342
   7.79051
   7.78736
   7.78393
   7.78013
   7.77588
   7.77109
   7.76562
   7.75934
   7.75209
   7.74367
   7.73386
   7.72240
   7.70900
   7.69333
   7.67500
   7.65359
   7.62862
   7.59960
   7.56594
   7.52709
   7.48243
   7.43137
   7.37335
   7.30788
   7.23459
   7.15328
   7.06398
   6.96699
   6.86299
   6.75303
   6.63860
   6.52161
   6.40441
   6.28967
   6.18031
   6.07940
   5.98997
   5.91485
   5.85651
   5.81690
   5.79733
   5.79836
   5.81979
   5.86063
   5.91918
   5.99310
   6.07957
   6.17541
   6.27729
   6.38184
   6.48589
   6.58651
   6.68120
   6.76788
   6.84497
   6.91137
   6.96646
   7.01004
   7.04230
   7.06378
   7.07530
   7.07796
   7.07307
   7.06212
   7.04672
   7.02858
   7.00944
   6.99099
   6.97483
   6.96243
   6.95500
   6.95351
   6.95863
   6.97071
   6.98977
   7.01551
   7.04736
   7.08451
   7.12597
   7.17065
   7.21739
   7.26504
   7.31252
   7.35885
   7.40319
   7.44484
   7.48326
   7.51808
   7.54904
   7.57598
   7.59889
   7.61778
   7.63275
   7.64392
   7.65145
   7.65550
   7.65627
   7.65394
   7.64871
   7.64077
   7.63034
   7.61765
   7.60294
   7.58647
   7.56855
   7.54948
   7.52963
   7.50936
   7.48908
   7.46922
   7.45021
   7.43247
   7.41645
   7.40252
   7.39106
   7.38236
   7.37668
   7.37418
   7.37497
   7.37904
   7.38632
   7.39667
   7.40986
   7.42562
   7.44361
   7.46348
   7.48484
   7.50731
   7.53052
   7.55410
   7.57773
   7.60110
   7.62398
   7.64615
   7.66742
   7.68769
   7.70684
   7.72483
   7.74162
   7.75720
   7.77160
   7.78485
   7.79698
   7.80805
   7.81813
   7.82727
   7.83554
   7.84301
   7.84974
   7.85579
   7.86123
   7.86610
   7.87046
   7.87436
   7.87785
   7.88096
   7.88373
   7.88621
   7.88841
   7.89037
   7.89211
   7.89367
   7.89504
   7.89627
   7.89736
   7.89833
   7.89919
   7.89995
   7.90063
   7.90123
   7.90176
   7.90223
   7.90265
   7.90302
   7.90336
   7.90365
   7.90391
   7.90414
   7.90434
   7.90453
   7.90469
   7.90483
   7.90496
   7.90507
   7.90517
   7.90526
   7.90534
   7.90541
   7.90547
   7.90552
   7.90557
   7.90561
   7.90565
   7.90569
   7.90572
   7.90574
   7.90577
   7.90579
   7.90581
   7.90583
   7.90584
   7.90585
   7.90587
   7.90588
   7.90589
   7.90589
   7.90590
   7.90591
   7.90591
   7.90592
   7.90592
   7.90593
   7.90593
   7.90594
   7.90594
   7.90594
   7.90594
   7.90595
   7.90595
   7.90595
   7.90595
   7.90595
   7.90595
   7.90595
   7.90596
   7.90596
   7.90596
   7.90596
   7.90596
   7.90596
   7.90596
   7.90596
   7.90596
   7.90596
   7.90596
   7.90596
   7.90596
   7.90596
   7.90596
   7.90596
   7.90596
   7.90596
   7.90596
   7.90596
   7.90596
   7.90596
   7.90596
   7.90596
   7.90596
   7.90596
   7.90596
   7.90596
   7.90596
   7.90596
   7.90596
   7.90596
   7.90596
   7.90596
   7.90596
   7.90596
   7.90596
   7.90596
   7.90596
   7.90596
   7.90595
   7.90595
   7.90595
   7.90595
   7.90595
   7.90595
   7.90595
   7.90595
   7.90594
   7.90594
   7.90594
   7.90594
   7.90594
   7.90593
   7.90593
   7.90593
   7.90592
   7.90592
   7.90591
   7.90591
   7.90591
   7.90590
   7.90589
   7.90589
   7.90588
   7.90587
   7.90587
   7.90586
   7.90585
   7.90584
   7.90583
   7.90581
   7.90580
   7.90579
   7.90577
   7.90575
   7.90573
   7.90571
   7.90569
   7.90567
   7.90564
   7.90561
   7.90558
   7.90555
   7.90551
   7.90547
   7.90542
   7.90538
   7.90532
   7.90527
   7.90521
   7.90514
   7.90507
   7.90499
   7.90490
   7.90480
   7.90470
   7.90459
   7.90447
   7.90433
   7.90419
   7.90403
   7.90386
   7.90367
   7.90347
   7.90325
   7.90300
   7.90274
   7.90245
   7.90214
   7.90180
   7.90143
   7.90103
   7.90059
   7.90011
   7.89964
   7.89917
   7.89868
   7.89817
   7.89764
   7.89709
   7.89654
   7.89601
   7.89550
   7.89506
   7.89473
   7.89457
   7.89466
   7.89514
   7.89616
   7.89797
   7.90087
   7.90526
   7.91155
   7.92008
   7.93066
   7.94152
   7.94689
   7.93209
   7.86805
   7.72229
   7.53062
   7.45854
   7.58746
   7.76626
   7.87060
   7.90278
   7.89812
   7.88004
   7.85915
   7.83933
   7.82156
   7.80575
   7.79149
   7.77838
   7.76607
   7.75428
   7.74284
   7.73163
   7.72058
   7.70966
   7.69887
   7.68823
   7.67778
   7.66757
   7.65768
   7.64816
   7.63910
   7.63056
   7.62263
   7.61540
   7.60894
   7.60327
   7.59843
   7.59446
   7.59138
   7.58922
   7.58795
   7.58758
   7.58806
   7.58936
   7.59142
   7.59418
   7.59756
   7.60149
   7.60589
   7.61066
   7.61573
   7.62101
   7.62641
   7.63187
   7.63731
   7.64268
   7.64790
   7.65295
   7.65782
   7.66251
   7.66695
   7.67115
   7.67511
   7.67885
   7.68240
   7.68581
   7.68915
   7.69251
   7.69603
   7.69987
   7.70430
   7.70969
   7.71655
   7.72563
   7.73787
   7.75415
   7.77363
   7.78693
   7.74824
   7.47904
   6.62108
   6.04200
   6.93613
   7.61985
   7.79668
   7.81610
   7.80387
   7.79008
   7.78026
   7.77444
   7.77165
   7.77101
   7.77186
   7.77374
   7.77633
   7.77942
   7.78285
   7.78649
   7.79028
   7.79414
   7.79802
   7.80187
   7.80566
   7.80936
   7.81294
   7.81640
   7.81973
   7.82284
   7.82572
   7.82835
   7.83071
   7.83277
   7.83452
   7.83593
   7.83697
   7.83762
   7.83784
   7.83760
   7.83687
   7.83559
   7.83374
   7.83125
   7.82808
   7.82416
   7.81944
   7.81383
   7.80727
   7.79967
   7.79096
   7.78103
   7.76980
   7.75717
   7.74306
   7.72736
   7.71000
   7.69091
   7.67002
   7.64729
   7.62272
   7.59632
   7.56813
   7.53825
   7.50681
   7.47400
   7.44004
   7.40520
   7.36979
   7.33416
   7.29866
   7.26366
   7.22952
   7.19656
   7.16506
   7.13526
   7.10731
   7.08127
   7.05715
   7.03484
   7.01418
   6.99495
   6.97689
   6.95971
   6.94315
   6.92701
   6.91112
   6.89543
   6.88000
   6.86500
   6.85074
   6.83764
   6.82619
   6.81698
   6.81062
   6.80772
   6.80883
   6.81443
   6.82488
   6.84040
   6.86105
   6.88673
   6.91718
   6.95197
   6.99057
   7.03234
   7.07659
   7.12258
   7.16960
   7.21694
   7.26397
   7.31014
   7.35496
   7.39805
   7.43912
   7.47796
   7.51445
   7.54851
   7.58015
   7.60941
   7.63636
   7.66111
   7.68377
   7.70447
   7.72336
   7.74056
   7.75621
   7.77044
   7.78337
   7.79511
   7.80578
   7.81547
   7.82427
   7.83226
   7.83953
   7.84614
   7.85215
   7.85762
   7.86260
   7.86713
   7.87127
   7.87504
   7.87848
   7.88162
   7.88449
   7.88711
   7.88951
   7.89170
   7.89371
   7.89555
   7.89723
   7.89878
   7.90019
   7.90149
   7.90269
   7.90378
   7.90479
   7.90571
   7.90656
   7.90734
   7.90806
   7.90872
   7.90933
   7.90989
   7.91041
   7.91088
   7.91132
   7.91172
   7.91210
   7.91244
   7.91275
   7.91305
   7.91332
   7.91356
   7.91379
   7.91400
   7.91420
   7.91438
   7.91455
   7.91470
   7.91484
   7.91497
   7.91509
   7.91520
   7.91531
   7.91540
   7.91549
   7.91557
   7.91565
   7.91572
   7.91578
   7.91584
   7.91590
   7.91595
   7.91600
   7.91604
   7.91608
   7.91612
   7.91615
   7.91618
   7.91621
   7.91624
   7.91626
   7.91629
   7.91631
   7.91633
   7.91635
   7.91636
   7.91638
   7.91640
   7.91641
   7.91642
   7.91643
   7.91644
   7.91645
   7.91646
   7.91647
   7.91648
   7.91649
   7.91649
   7.91650
   7.91651
   7.91651
   7.91652
   7.91652
   7.91652
   7.91653
   7.91653
   7.91653
   7.91654
   7.91654
   7.91654
   7.91655
   7.91655
   7.91655
   7.91655
   7.91655
   7.91656
   7.91656
   7.91656
   7.91656
   7.91656
   7.91656
   7.91656
   7.91656
   7.91657
   7.91657
   7.91657
   7.91657
   7.91657
   7.91657
   7.91657
   7.91657
   7.91657
   7.91657
   7.91657
   7.91657
   7.91657
   7.91657
   7.91657
   7.91657
   7.91657
   7.91657
   7.91657
   7.91657
   7.91657
   7.91657
   7.91657
   7.91657
   7.91657
   7.91657
   7.91657
   7.91657
   7.91657
   7.91657
   7.91657
   7.91658
   7.91658
   7.91658
   7.91658
   7.91657
   7.91657
   7.91657
   7.91657
   7.91657
   7.91657
   7.91657
   7.91657
   7.91657
   7.91657
   7.91657
   7.91657
   7.91657
   7.91657
   7.91657
   7.91657
   7.91657
   7.91657
   7.91657
   7.91657
   7.91657
   7.91657
   7.91657
   7.91657
   7.91657
   7.91656
   7.91656
   7.91656
   7.91656
   7.91656
   7.91656
   7.91655
   7.91655
   7.91655
   7.91654
   7.91654
   7.91654
   7.91653
   7.91653
   7.91652
   7.91652
   7.91651
   7.91650
   7.91649
   7.91648
   7.91647
   7.91646
   7.91645
   7.91643
   7.91642
   7.91640
   7.91638
   7.91636
   7.91633
   7.91631
   7.91628
   7.91624
   7.91621
   7.91617
   7.91612
   7.91607
   7.91601
   7.91595
   7.91588
   7.91580
   7.91571
   7.91562
   7.91551
   7.91539
   7.91526
   7.91511
   7.91494
   7.91476
   7.91456
   7.91433
   7.91408
   7.91380
   7.91349
   7.91315
   7.91276
   7.91234
   7.91187
   7.91134
   7.91076
   7.91011
   7.90939
   7.90860
   7.90771
   7.90673
   7.90564
   7.90444
   7.90310
   7.90162
   7.89997
   7.89816
   7.89615
   7.89392
   7.89147
   7.88876
   7.88576
   7.88246
   7.87883
   7.87483
   7.87044
   7.86561
   7.86035
   7.85463
   7.84841
   7.84164
   7.83426
   7.82627
   7.81761
   7.80827
   7.79823
   7.78746
   7.77597
   7.76374
   7.75081
   7.73718
   7.72291
   7.70805
   7.69269
   7.67691
   7.66084
   7.64461
   7.62838
   7.61232
   7.59662
   7.58148
   7.56710
   7.55368
   7.54143
   7.53054
   7.52116
   7.51346
   7.50754
   7.50349
   7.50135
   7.50111
   7.50275
   7.50618
   7.51128
   7.51790
   7.52586
   7.53494
   7.54492
   7.55556
   7.56661
   7.57782
   7.58893
   7.59973
   7.60997
   7.61946
   7.62799
   7.63541
   7.64158
   7.64638
   7.64975
   7.65162
   7.65200
   7.65090
   7.64841
   7.64460
   7.63961
   7.63359
   7.62673
   7.61922
   7.61126
   7.60307
   7.59487
   7.58690
   7.57937
   7.57250
   7.56651
   7.56158
   7.55788
   7.55557
   7.55475
   7.55549
   7.55785
   7.56182
   7.56735
   7.57441
   7.58288
   7.59262
   7.60346
   7.61525
   7.62782
   7.64098
   7.65456
   7.66840
   7.68234
   7.69624
   7.70996
   7.72341
   7.73647
   7.74909
   7.76119
   7.77272
   7.78367
   7.79400
   7.80371
   7.81279
   7.82126
   7.82912
   7.83641
   7.84313
   7.84933
   7.85504
   7.86027
   7.86505
   7.86940
   7.87336
   7.87695
   7.88020
   7.88312
   7.88575
   7.88811
   7.89020
   7.89206
   7.89371
   7.89514
   7.89639
   7.89746
   7.89836
   7.89910
   7.89971
   7.90020
   7.90055
   7.90077
   7.90086
   7.90082
   7.90065
   7.90036
   7.89994
   7.89939
   7.89872
   7.89790
   7.89694
   7.89583
   7.89456
   7.89312
   7.89150
   7.88968
   7.88767
   7.88543
   7.88296
   7.88024
   7.87727
   7.87401
   7.87047
   7.86662
   7.86245
   7.85797
   7.85315
   7.84800
   7.84251
   7.83668
   7.83052
   7.82404
   7.81725
   7.81018
   7.80283
   7.79525
   7.78746
   7.77951
   7.77143
   7.76327
   7.75509
   7.74694
   7.73888
   7.73097
   7.72329
   7.71590
   7.70886
   7.70224
   7.69611
   7.69054
   7.68558
   7.68128
   7.67769
   7.67485
   7.67280
   7.67155
   7.67111
   7.67150
   7.67269
   7.67467
   7.67742
   7.68089
   7.68505
   7.68983
   7.69520
   7.70108
   7.70741
   7.71413
   7.72117
   7.72846
   7.73594
   7.74354
   7.75122
   7.75892
   7.76658
   7.77416
   7.78164
   7.78898
   7.79614
   7.80309
   7.80981
   7.81628
   7.82249
   7.82843
   7.83410
   7.83949
   7.84462
   7.84947
   7.85405
   7.85837
   7.86244
   7.86627
   7.86985
   7.87321
   7.87636
   7.87930
   7.88204
   7.88460
   7.88698
   7.88919
   7.89125
   7.89317
   7.89494
   7.89659
   7.89812
   7.89953
   7.90085
   7.90206
   7.90318
   7.90422
   7.90518
   7.90607
   7.90689
   7.90764
   7.90834
   7.90899
   7.90958
   7.91013
   7.91064
   7.91111
   7.91154
   7.91194
   7.91230
   7.91264
   7.91295
   7.91324
   7.91350
   7.91375
   7.91397
   7.91418
   7.91437
   7.91454
   7.91470
   7.91485
   7.91499
   7.91512
   7.91523
   7.91534
   7.91544
   7.91553
   7.91561
   7.91569
   7.91576
   7.91582
   7.91588
   7.91593
   7.91598
   7.91603
   7.91607
   7.91611
   7.91614
   7.91617
   7.91620
   7.91623
   7.91625
   7.91627
   7.91628
   7.91629
   7.91630
   7.91631
   7.91631
   7.91631
   7.91631
   7.91630
   7.91628
   7.91627
   7.91624
   7.91621
   7.91617
   7.91611
   7.91605
   7.91598
   7.91588
   7.91578
   7.91564
   7.91549
   7.91530
   7.91508
   7.91482
   7.91451
   7.91414
   7.91371
   7.91319
   7.91258
   7.91185
   7.91100
   7.90999
   7.90879
   7.90738
   7.90572
   7.90375
   7.90143
   7.89869
   7.89546
   7.89166
   7.88718
   7.88192
   7.87574
   7.86849
   7.86000
   7.85007
   7.83849
   7.82501
   7.80937
   7.79128
   7.77044
   7.74654
   7.71926
   7.68833
   7.65350
   7.61458
   7.57148
   7.52426
   7.47313
   7.41848
   7.36095
   7.30140
   7.24094
   7.18089
   7.12275
   7.06811
   7.01863
   6.97588
   6.94130
   6.91608
   6.90111
   6.89689
   6.90355
   6.92078
   6.94787
   6.98378
   7.02716
   7.07646
   7.13002
   7.18612
   7.24312
   7.29951
   7.35394
   7.40529
   7.45266
   7.49537
   7.53293
   7.56504
   7.59150
   7.61222
   7.62719
   7.63641
   7.63992
   7.63777
   7.63000
   7.61664
   7.59777
   7.57348
   7.54391
   7.50928
   7.46993
   7.42634
   7.37915
   7.32915
   7.27737
   7.22498
   7.17331
   7.12379
   7.07789
   7.03709
   7.00273
   6.97598
   6.95778
   6.94875
   6.94916
   6.95894
   6.97765
   7.00450
   7.03842
   7.07813
   7.12216
   7.16897
   7.21702
   7.26480
   7.31095
   7.35422
   7.39357
   7.42811
   7.45712
   7.48004
   7.49643
   7.50595
   7.50837
   7.50350
   7.49124
   7.47156
   7.44453
   7.41031
   7.36925
   7.32184
   7.26880
   7.21110
   7.14995
   7.08682
   7.02336
   6.96144
   6.90294
   6.84979
   6.80378
   6.76647
   6.73913
   6.72265
   6.71746
   6.72358
   6.74052
   6.76742
   6.80304
   6.84589
   6.89426
   6.94644
   7.00069
   7.05543
   7.10928
   7.16111
   7.21006
   7.25552
   7.29718
   7.33491
   7.36879
   7.39903
   7.42593
   7.44987
   7.47123
   7.49042
   7.50782
   7.52379
   7.53864
   7.55265
   7.56606
   7.57904
   7.59175
   7.60430
   7.61674
   7.62914
   7.64151
   7.65385
   7.66613
   7.67833
   7.69042
   7.70235
   7.71408
   7.72557
   7.73677
   7.74765
   7.75817
   7.76831
   7.77804
   7.78735
   7.79622
   7.80465
   7.81264
   7.82019
   7.82729
   7.83397
   7.84024
   7.84609
   7.85156
   7.85666
   7.86140
   7.86581
   7.86989
   7.87368
   7.87718
   7.88041
   7.88340
   7.88615
   7.88868
   7.89102
   7.89316
   7.89514
   7.89695
   7.89861
   7.90014
   7.90154
   7.90283
   7.90400
   7.90508
   7.90607
   7.90697
   7.90780
   7.90855
   7.90924
   7.90988
   7.91046
   7.91098
   7.91147
   7.91191
   7.91231
   7.91268
   7.91302
   7.91332
   7.91360
   7.91386
   7.91409
   7.91431
   7.91450
   7.91468
   7.91484
   7.91499
   7.91512
   7.91524
   7.91536
   7.91546
   7.91555
   7.91563
   7.91571
   7.91578
   7.91584
   7.91590
   7.91596
   7.91600
   7.91605
   7.91609
   7.91612
   7.91615
   7.91618
   7.91621
   7.91623
   7.91625
   7.91627
   7.91629
   7.91630
   7.91632
   7.91633
   7.91634
   7.91635
   7.91636
   7.91636
   7.91637
   7.91637
   7.91638
   7.91638
   7.91638
   7.91638
   7.91639
   7.91639
   7.91638
   7.91638
   7.91638
   7.91638
   7.91638
   7.91637
   7.91637
   7.91637
   7.91636
   7.91636
   7.91635
   7.91634
   7.91634
   7.91633
   7.91632
   7.91632
   7.91631
   7.91630
   7.91629
   7.91628
   7.91627
   7.91626
   7.91625
   7.91624
   7.91623
   7.91622
   7.91620
   7.91619
   7.91618
   7.91616
   7.91615
   7.91613
   7.91612
   7.91610
   7.91608
   7.91607
   7.91605
   7.91603
   7.91601
   7.91599
   7.91597
   7.91595
   7.91592
   7.91590
   7.91587
   7.91585
   7.91582
   7.91580
   7.91577
   7.91574
   7.91571
   7.91568
   7.91564
   7.91561
   7.91558
   7.91554
   7.91550
   7.91546
   7.91542
   7.91538
   7.91534
   7.91530
   7.91525
   7.91520
   7.91515
   7.91510
   7.91505
   7.91500
   7.91494
   7.91488
   7.91482
   7.91476
   7.91469
   7.91463
   7.91456
   7.91449
   7.91441
   7.91433
   7.91425
   7.91417
   7.91409
   7.91400
   7.91391
   7.91382
   7.91372
   7.91362
   7.91351
   7.91341
   7.91330
   7.91318
   7.91306
   7.91294
   7.91281
   7.91268
   7.91255
   7.91241
   7.91226
   7.91212
   7.91196
   7.91180
   7.91164
   7.91147
   7.91130
   7.91112
   7.91093
   7.91074
   7.91054
   7.91034
   7.91013
   7.90991
   7.90969
   7.90946
   7.90923
   7.90898
   7.90873
   7.90847
   7.90821
   7.90793
   7.90765
   7.90738
   7.90710
   7.90682
   7.90653
   7.90624
   7.90593
   7.90562
   7.90530
   7.90497
   7.90463
   7.90428
   7.90393
   7.90356
   7.90318
   7.90280
   7.90240
   7.90200
   7.90158
   7.90115
   7.90071
   7.90026
   7.89980
   7.89933
   7.89885
   7.89835
   7.89785
   7.89733
   7.89680
   7.89626
   7.89571
   7.89515
   7.89458
   7.89399
   7.89340
   7.89280
   7.89219
   7.89158
   7.89095
   7.89032
   7.88968
   7.88903
   7.88838
   7.88773
   7.88707
   7.88641
   7.88575
   7.88509
   7.88443
   7.88377
   7.88311
   7.88246
   7.88181
   7.88116
   7.88052
   7.87989
   7.87927
   7.87865
   7.87805
   7.87745
   7.87687
   7.87630
   7.87574
   7.87521
   7.87471
   7.87422
   7.87374
   7.87328
   7.87284
   7.87242
   7.87201
   7.87162
   7.87125
   7.87090
   7.87056
   7.87024
   7.86994
   7.86966
   7.86940
   7.86915
   7.86892
   7.86870
   7.86850
   7.86831
   7.86814
   7.86797
   7.86781
   7.86766
   7.86751
   7.86736
   7.86722
   7.86707
   7.86691
   7.86675
   7.86657
   7.86638
   7.86616
   7.86593
   7.86566
   7.86536
   7.86502
   7.86463
   7.86420
   7.86371
   7.86315
   7.86253
   7.86183
   7.86105
   7.86017
   7.85920
   7.85811
   7.85691
   7.85558
   7.85412
   7.85250
   7.85074
   7.84881
   7.84670
   7.84440
   7.84191
   7.83921
   7.83630
   7.83316
   7.82979
   7.82618
   7.82232
   7.81821
   7.81384
   7.80922
   7.80433
   7.79919
   7.79381
   7.78818
   7.78232
   7.77625
   7.76999
   7.76356
   7.75698
   7.75030
   7.74355
   7.73676
   7.72998
   7.72327
   7.71668
   7.71025
   7.70405
   7.69813
   7.69255
   7.68737
   7.68264
   7.67842
   7.67475
   7.67168
   7.66923
   7.66744
   7.66633
   7.66591
   7.66618
   7.66714
   7.66876
   7.67103
   7.67391
   7.67735
   7.68131
   7.68573
   7.69056
   7.69571
   7.70113
   7.70674
   7.71247
   7.71824
   7.72398
   7.72960
   7.73505
   7.74023
   7.74509
   7.74955
   7.75354
   7.75699
   7.75984
   7.76201
   7.76345
   7.76407
   7.76383
   7.76265
   7.76046
   7.75721
   7.75282
   7.74724
   7.74042
   7.73229
   7.72282
   7.71197
   7.69974
   7.68611
   7.67112
   7.65481
   7.63726
   7.61859
   7.59894
   7.57851
   7.55752
   7.53628
   7.51508
   7.49425
   7.47417
   7.45521
   7.43775
   7.42219
   7.40887
   7.39812
   7.39021
   7.38534
   7.38366
   7.38524
   7.39006
   7.39803
   7.40898
   7.42268
   7.43885
   7.45715
   7.47724
   7.49872
   7.52122
   7.54438
   7.56785
   7.59132
   7.61449
   7.63714
   7.65904
   7.68005
   7.70005
   7.71893
   7.73666
   7.75320
   7.76855
   7.78274
   7.79578
   7.80775
   7.81870
   7.82866
   7.83771
   7.84590
   7.85330
   7.85997
   7.86597
   7.87136
   7.87620
   7.88054
   7.88442
   7.88789
   7.89099
   7.89375
   7.89622
   7.89842
   7.90037
   7.90211
   7.90366
   7.90503
   7.90625
   7.90733
   7.90829
   7.90914
   7.90989
   7.91055
   7.91113
   7.91164
   7.91209
   7.91248
   7.91282
   7.91311
   7.91336
   7.91357
   7.91375
   7.91389
   7.91400
   7.91409
   7.91415
   7.91418
   7.91419
   7.91418
   7.91414
   7.91408
   7.91400
   7.91390
   7.91380
   7.91372
   7.91362
   7.91351
   7.91338
   7.91325
   7.91310
   7.91292
   7.91272
   7.91250
   7.91224
   7.91194
   7.91160
   7.91121
   7.91075
   7.91022
   7.90962
   7.90892
   7.90813
   7.90722
   7.90621
   7.90507
   7.90380
   7.90239
   7.90085
   7.89916
   7.89732
   7.89533
   7.89317
   7.89085
   7.88836
   7.88567
   7.88279
   7.87970
   7.87639
   7.87285
   7.86906
   7.86501
   7.86068
   7.85606
   7.85118
   7.84601
   7.84051
   7.83468
   7.82851
   7.82200
   7.81516
   7.80798
   7.80049
   7.79269
   7.78462
   7.77629
   7.76774
   7.75902
   7.75017
   7.74125
   7.73232
   7.72346
   7.71474
   7.70625
   7.69806
   7.69028
   7.68300
   7.67631
   7.67031
   7.66508
   7.66072
   7.65731
   7.65492
   7.65364
   7.65350
   7.65455
   7.65682
   7.66035
   7.66514
   7.67121
   7.67854
   7.68712
   7.69691
   7.70786
   7.71989
   7.73287
   7.74663
   7.76087
   7.77523
   7.78916
   7.80196
   7.81280
   7.82082
   7.82537
   7.82634
   7.82455
   7.82185
   7.82048
   7.82202
   7.82643
   7.83202
   7.83628
   7.83706
   7.83319
   7.82446
   7.81129
   7.79435
   7.77432
   7.75172
   7.72696
   7.70027
   7.67182
   7.64173
   7.61010
   7.57709
   7.54289
   7.50778
   7.47212
   7.43636
   7.40103
   7.36673
   7.33409
   7.30381
   7.27657
   7.25303
   7.23383
   7.21949
   7.21046
   7.20702
   7.20933
   7.21737
   7.23095
   7.24971
   7.27316
   7.30067
   7.33153
   7.36496
   7.40020
   7.43648
   7.47310
   7.50942
   7.54487
   7.57903
   7.61153
   7.64213
   7.67066
   7.69704
   7.72124
   7.74329
   7.76327
   7.78127
   7.79741
   7.81183
   7.82466
   7.83603
   7.84612
   7.85506
   7.86292
   7.86983
   7.87589
   7.88119
   7.88583
   7.88988
   7.89341
   7.89649
   7.89917
   7.90151
   7.90354
   7.90530
   7.90683
   7.90816
   7.90932
   7.91032
   7.91118
   7.91193
   7.91258
   7.91314
   7.91362
   7.91404
   7.91439
   7.91470
   7.91496
   7.91518
   7.91537
   7.91553
   7.91566
   7.91577
   7.91586
   7.91593
   7.91599
   7.91603
   7.91605
   7.91607
   7.91607
   7.91606
   7.91604
   7.91601
   7.91596
   7.91591
   7.91584
   7.91576
   7.91566
   7.91556
   7.91545
   7.91532
   7.91516
   7.91499
   7.91479
   7.91456
   7.91429
   7.91399
   7.91365
   7.91326
   7.91282
   7.91232
   7.91175
   7.91110
   7.91037
   7.90954
   7.90860
   7.90754
   7.90633
   7.90497
   7.90342
   7.90171
   7.89981
   7.89767
   7.89526
   7.89254
   7.88948
   7.88605
   7.88219
   7.87788
   7.87306
   7.86768
   7.86169
   7.85505
   7.84771
   7.83962
   7.83077
   7.82112
   7.81069
   7.79952
   7.78768
   7.77532
   7.76265
   7.74998
   7.73769
   7.72616
   7.71551
   7.70474
   7.68930
   7.65424
   7.55730
   7.30665
   6.85362
   6.57885
   6.86235
   7.24831
   7.42495
   7.46477
   7.45405
   7.43071
   7.40822
   7.39081
   7.37952
   7.37426
   7.37461
   7.38003
   7.38998
   7.40387
   7.42114
   7.44121
   7.46351
   7.48750
   7.51266
   7.53849
   7.56457
   7.59050
   7.61599
   7.64075
   7.66455
   7.68724
   7.70870
   7.72887
   7.74770
   7.76521
   7.78143
   7.79640
   7.81023
   7.82298
   7.83473
   7.84556
   7.85558
   7.86489
   7.87361
   7.88184
   7.88970
   7.89731
   7.90479
   7.91227
   7.91988
   7.92776
   7.93606
   7.94490
   7.95441
   7.96462
   7.97549
   7.98668
   7.99738
   8.00586
   8.00879
   8.00035
   7.97194
   7.91544
   7.83495
   7.76362
   7.75282
   7.81753
   7.91615
   8.00074
   8.05155
   8.06610
   8.04022
   7.96050
   7.81777
   7.65587
   7.59300
   7.68554
   7.83767
   7.95005
   8.00540
   8.02308
   8.02186
   8.01277
   8.00125
   7.98974
   7.97923
   7.97003
   7.96212
   7.95541
   7.94974
   7.94495
   7.94091
   7.93749
   7.93459
   7.93213
   7.93004
   7.92825
   7.92672
   7.92540
   7.92426
   7.92328
   7.92243
   7.92169
   7.92104
   7.92048
   7.91998
   7.91955
   7.91917
   7.91883
   7.91853
   7.91827
   7.91803
   7.91782
   7.91763
   7.91747
   7.91732
   7.91719
   7.91707
   7.91698
   7.91691
   7.91686
   7.91681
   7.91676
   7.91674
   7.91674
   7.91674
   7.91674
   7.91674
   7.91674
   7.91674
   7.91674
   7.91674
   7.91674
   7.91674
   7.91674
   7.91674
   7.91674
   7.91674
   7.91674
   7.91674
   7.91674
   7.91674
   7.91674
   7.91674
   7.91674
   7.91674
   7.91674
   7.91674
   7.91674
   7.91674
   7.91674
   7.91674
   7.91674
   7.91674
   7.91674
   7.91674
   7.91674
   7.91674
   7.91674
   7.91674
   7.91674
   7.91674
   7.91674
   7.91674
   7.91674
   7.91674
   7.91674
   7.91674
   7.91674
   7.91674
   7.91674
   7.91674
   7.91674
   7.91674
   7.91674
   7.91674
   7.91674
   7.91674
   7.91674
