  94.87447
  94.87447
  94.87446
  94.87446
  94.87446
  94.87446
  94.87446
  94.87446
  94.87446
  94.87445
  94.87445
  94.87445
  94.87444
  94.87444
  94.87443
  94.87443
  94.87442
  94.87442
  94.87441
  94.87440
  94.87439
  94.87437
  94.87436
  94.87434
  94.87432
  94.87430
  94.87428
  94.87425
  94.87422
  94.87418
  94.87414
  94.87409
  94.87403
  94.87397
  94.87390
  94.87381
  94.87371
  94.87360
  94.87347
  94.87332
  94.87315
  94.87295
  94.87272
  94.87245
  94.87215
  94.87179
  94.87138
  94.87091
  94.87036
  94.86973
  94.86899
  94.86814
  94.86716
  94.86602
  94.86470
  94.86317
  94.86139
  94.85934
  94.85695
  94.85418
  94.85097
  94.84724
  94.84291
  94.83788
  94.83205
  94.82528
  94.81741
  94.80827
  94.79766
  94.78533
  94.77101
  94.75425
  94.73471
  94.71205
  94.68578
  94.65533
  94.62004
  94.57914
  94.53176
  94.47690
  94.41341
  94.34000
  94.25518
  94.15730
  94.04449
  93.91468
  93.76557
  93.59468
  93.39933
  93.17667
  92.92375
  92.63761
  92.31533
  91.95425
  91.55208
  91.10715
  90.61860
  90.08671
  89.51310
  88.90099
  88.25540
  87.58320
  86.89314
  86.19567
  85.50264
  84.82681
  84.18126
  83.57873
  83.03088
  82.54757
  82.13628
  81.80138
  81.54464
  81.36421
  81.25519
  81.20991
  81.21847
  81.26942
  81.35054
  81.44959
  81.55511
  81.65704
  81.74723
  81.81972
  81.87085
  81.89920
  81.90533
  81.89144
  81.86090
  81.81785
  81.76676
  81.71199
  81.65756
  81.60691
  81.56277
  81.52713
  81.50132
  81.48612
  81.48188
  81.48875
  81.50683
  81.53632
  81.57767
  81.63163
  81.69929
  81.78209
  81.88169
  81.99994
  82.13872
  82.29981
  82.48478
  82.69485
  82.93080
  83.19290
  83.48082
  83.79371
  84.13009
  84.48801
  84.86502
  85.25829
  85.66470
  86.08092
  86.50353
  86.92906
  87.35416
  87.77559
  88.19034
  88.59567
  88.98914
  89.36864
  89.73239
  90.07897
  90.40727
  90.71652
  91.00623
  91.27615
  91.52630
  91.75688
  91.96826
  92.16093
  92.33553
  92.49274
  92.63331
  92.75804
  92.86773
  92.96321
  93.04528
  93.11473
  93.17234
  93.21887
  93.25502
  93.28148
  93.29892
  93.30797
  93.30922
  93.30326
  93.29065
  93.27191
  93.24757
  93.21814
  93.18411
  93.14597
  93.10421
  93.05929
  93.01171
  92.96193
  92.91043
  92.85767
  92.80413
  92.75027
  92.69653
  92.64338
  92.59123
  92.54052
  92.49163
  92.44493
  92.40077
  92.35947
  92.32129
  92.28648
  92.25522
  92.22768
  92.20396
  92.18412
  92.16817
  92.15610
  92.14783
  92.14324
  92.14221
  92.14455
  92.15005
  92.15849
  92.16964
  92.18323
  92.19900
  92.21670
  92.23607
  92.25685
  92.27883
  92.30177
  92.32549
  92.34979
  92.37454
  92.39960
  92.42486
  92.45026
  92.47573
  92.50125
  92.52680
  92.55240
  92.57807
  92.60387
  92.62983
  92.65603
  92.68254
  92.70943
  92.73678
  92.76466
  92.79315
  92.82231
  92.85220
  92.88287
  92.91435
  92.94669
  92.97989
  93.01395
  93.04887
  93.08463
  93.12119
  93.15851
  93.19653
  93.23519
  93.27442
  93.31413
  93.35424
  93.39467
  93.43530
  93.47605
  93.51683
  93.55752
  93.59804
  93.63830
  93.67819
  93.71764
  93.75656
  93.79488
  93.83252
  93.86941
  93.90551
  93.94074
  93.97507
  94.00845
  94.04085
  94.07223
  94.10258
  94.13187
  94.16009
  94.18706
  94.21262
  94.23705
  94.26036
  94.28254
  94.30360
  94.32356
  94.34242
  94.36019
  94.37690
  94.39256
  94.40719
  94.42081
  94.43345
  94.44512
  94.45586
  94.46568
  94.47463
  94.48273
  94.49000
  94.49649
  94.50223
  94.50726
  94.51160
  94.51530
  94.51840
  94.52093
  94.52294
  94.52445
  94.52552
  94.52616
  94.52642
  94.52632
  94.52590
  94.52517
  94.52415
  94.52286
  94.52131
  94.51951
  94.51746
  94.51515
  94.51260
  94.50978
  94.50670
  94.50334
  94.49970
  94.49577
  94.49153
  94.48697
  94.48210
  94.47690
  94.47137
  94.46550
  94.45930
  94.45277
  94.44589
  94.43869
  94.43116
  94.42332
  94.41516
  94.40669
  94.39794
  94.38890
  94.37958
  94.37001
  94.36019
  94.35014
  94.33986
  94.32937
  94.31869
  94.30784
  94.29646
  94.28487
  94.27317
  94.26139
  94.24953
  94.23761
  94.22564
  94.21363
  94.20160
  94.18956
  94.17752
  94.16550
  94.15352
  94.14158
  94.12970
  94.11789
  94.10617
  94.09464
  94.08273
  94.07092
  94.05921
  94.04763
  94.03617
  94.02485
  94.01367
  94.00264
  93.99176
  93.98104
  93.97047
  93.96006
  93.94980
  93.93968
  93.92970
  93.91985
  93.91010
  93.90043
  93.89082
  93.88124
  93.87165
  93.86200
  93.85224
  93.84231
  93.83213
  93.82161
  93.81068
  93.79920
  93.78707
  93.77414
  93.76026
  93.74526
  93.72894
  93.71108
  93.69146
  93.66981
  93.64585
  93.61927
  93.58974
  93.55689
  93.52033
  93.47964
  93.43437
  93.38405
  93.32818
  93.26625
  93.19771
  93.12202
  93.03863
  92.94701
  92.84663
  92.73703
  92.61778
  92.48853
  92.34905
  92.19937
  92.03887
  91.86835
  91.68827
  91.49937
  91.30265
  91.09942
  90.89131
  90.68026
  90.46855
  90.25872
  90.05360
  89.85619
  89.66964
  89.49713
  89.34181
  89.20667
  89.09443
  89.00748
  88.94750
  88.91580
  88.91346
  88.94068
  88.99703
  89.08144
  89.19230
  89.32747
  89.48439
  89.66016
  89.85164
  90.05559
  90.26871
  90.48778
  90.70972
  90.93165
  91.15095
  91.36531
  91.57270
  91.77142
  91.96008
  92.13755
  92.30300
  92.45581
  92.59558
  92.72208
  92.83523
  92.93507
  93.02172
  93.09540
  93.15638
  93.20495
  93.24145
  93.26626
  93.27975
  93.28233
  93.27439
  93.25636
  93.22866
  93.19172
  93.14598
  93.09185
  93.02976
  92.96012
  92.88335
  92.79983
  92.70997
  92.61416
  92.51283
  92.40640
  92.29536
  92.18023
  92.06161
  91.94018
  91.81671
  91.69210
  91.56734
  91.44355
  91.32194
  91.20381
  91.09056
  90.98358
  90.88428
  90.79401
  90.71404
  90.64545
  90.58914
  90.54574
  90.51557
  90.49859
  90.49440
  90.50212
  90.52047
  90.54767
  90.58147
  90.61913
  90.65737
  90.69243
  90.72002
  90.73529
  90.73287
  90.70683
  90.65069
  90.55747
  90.41975
  90.22976
  89.97964
  89.66169
  89.26880
  88.79506
  88.23645
  87.59163
  86.86292
  86.05709
  85.18607
  84.26734
  83.32326
  82.38236
  81.47600
  80.63763
  79.90062
  79.29618
  78.85130
  78.58695
  78.51677
  78.64618
  78.97209
  79.48305
  80.16005
  80.97774
  81.90612
  82.91253
  83.96377
  85.02820
  86.07744
  87.08768
  88.04044
  88.92270
  89.72662
  90.44889
  91.08985
  91.65262
  92.14223
  92.56485
  92.92724
  93.23625
  93.49850
  93.72020
  93.90703
  94.06406
  94.19576
  94.30604
  94.39827
  94.47531
  94.53964
  94.59332
  94.63812
  94.67549
  94.70668
  94.73272
  94.75447
  94.77264
  94.78785
  94.80058
  94.81125
  94.82021
  94.82773
  94.83407
  94.83941
  94.84393
  94.84775
  94.85099
  94.85375
  94.85610
  94.85811
  94.85984
  94.86132
  94.86260
  94.86371
  94.86468
  94.86552
  94.86626
  94.86691
  94.86748
  94.86799
  94.86845
  94.86885
  94.86921
  94.86954
  94.86984
  94.87011
  94.87035
  94.87058
  94.87078
  94.87097
  94.87115
  94.87131
  94.87146
  94.87160
  94.87173
  94.87185
  94.87197
  94.87207
  94.87218
  94.87227
  94.87236
  94.87244
  94.87252
  94.87260
  94.87267
  94.87274
  94.87280
  94.87286
  94.87292
  94.87297
  94.87302
  94.87306
  94.87311
  94.87315
  94.87318
  94.87322
  94.87325
  94.87327
  94.87329
  94.87331
  94.87333
  94.87334
  94.87334
  94.87334
  94.87334
  94.87333
  94.87331
  94.87328
  94.87325
  94.87321
  94.87316
  94.87309
  94.87301
  94.87292
  94.87281
  94.87269
  94.87254
  94.87237
  94.87217
  94.87194
  94.87168
  94.87138
  94.87103
  94.87064
  94.87019
  94.86968
  94.86909
  94.86842
  94.86766
  94.86680
  94.86581
  94.86469
  94.86341
  94.86196
  94.86032
  94.85844
  94.85631
  94.85389
  94.85114
  94.84802
  94.84448
  94.84045
  94.83588
  94.83069
  94.82480
  94.81811
  94.80948
  94.79994
  94.78906
  94.77667
  94.76255
  94.74645
  94.72807
  94.70710
  94.68313
  94.65572
  94.62433
  94.58835
  94.54704
  94.49952
  94.44474
  94.38141
  94.30799
  94.22254
  94.12267
  94.00541
  93.86705
  93.70301
  93.50794
  93.27619
  93.00388
  92.69490
  92.37809
  92.15440
  92.32015
  93.62958
  97.33928
 102.09968
 100.29980
  94.75345
  91.54033
  90.27185
  89.80055
  89.58268
  89.41966
  89.24977
  89.06084
  88.85756
  88.64971
  88.44781
  88.26176
  88.10022
  87.97048
  87.87839
  87.82830
  87.82303
  87.86391
  87.95078
  88.08212
  88.25518
  88.46614
  88.71032
  88.98246
  89.27691
  89.58789
  89.90972
  90.23699
  90.56474
  90.88856
  91.20466
  91.50959
  91.80085
  92.07703
  92.33683
  92.57950
  92.80473
  93.01255
  93.20333
  93.37766
  93.53630
  93.68012
  93.81007
  93.92715
  94.03235
  94.12666
  94.21102
  94.28636
  94.35352
  94.41330
  94.46645
  94.51364
  94.55551
  94.59262
  94.62549
  94.65457
  94.68030
  94.70304
  94.72313
  94.74087
  94.75654
  94.77037
  94.78257
  94.79333
  94.80282
  94.81118
  94.81856
  94.82506
  94.83079
  94.83584
  94.84029
  94.84421
  94.84766
  94.85070
  94.85338
  94.85574
  94.85782
  94.85965
  94.86126
  94.86268
  94.86393
  94.86503
  94.86600
  94.86686
  94.86761
  94.86827
  94.86885
  94.86937
  94.86982
  94.87021
  94.87056
  94.87087
  94.87114
  94.87138
  94.87159
  94.87178
  94.87194
  94.87208
  94.87221
  94.87232
  94.87242
  94.87250
  94.87258
  94.87265
  94.87270
  94.87275
  94.87280
  94.87284
  94.87287
  94.87290
  94.87293
  94.87295
  94.87297
  94.87298
  94.87300
  94.87301
  94.87302
  94.87303
  94.87303
  94.87304
  94.87304
  94.87304
  94.87304
  94.87304
  94.87303
  94.87303
  94.87302
  94.87302
  94.87301
  94.87300
  94.87298
  94.87297
  94.87295
  94.87293
  94.87291
  94.87289
  94.87286
  94.87283
  94.87280
  94.87276
  94.87272
  94.87267
  94.87262
  94.87256
  94.87249
  94.87242
  94.87234
  94.87225
  94.87215
  94.87204
  94.87192
  94.87178
  94.87163
  94.87146
  94.87127
  94.87106
  94.87083
  94.87057
  94.87029
  94.86997
  94.86961
  94.86922
  94.86878
  94.86830
  94.86776
  94.86716
  94.86649
  94.86575
  94.86492
  94.86401
  94.86299
  94.86186
  94.86060
  94.85921
  94.85766
  94.85593
  94.85402
  94.85189
  94.84953
  94.84691
  94.84399
  94.84076
  94.83716
  94.83317
  94.82874
  94.82382
  94.81835
  94.81229
  94.80556
  94.79810
  94.78981
  94.78063
  94.77044
  94.75914
  94.74662
  94.73275
  94.71739
  94.70037
  94.68154
  94.66072
  94.63768
  94.61224
  94.58413
  94.55311
  94.51891
  94.48123
  94.43975
  94.39414
  94.34405
  94.28910
  94.22892
  94.16311
  94.09126
  94.01297
  93.92784
  93.83549
  93.73557
  93.62775
  93.51177
  93.38743
  93.25463
  93.11337
  92.96378
  92.80614
  92.64092
  92.46875
  92.29052
  92.10730
  91.92043
  91.73146
  91.54220
  91.35464
  91.17074
  90.99309
  90.82413
  90.66634
  90.52217
  90.39399
  90.28398
  90.19409
  90.12596
  90.08086
  90.05963
  90.06269
  90.08997
  90.14096
  90.21468
  90.30979
  90.42455
  90.55694
  90.70474
  90.86555
  91.03689
  91.21629
  91.40133
  91.58958
  91.77890
  91.96743
  92.15345
  92.33545
  92.51217
  92.68257
  92.84584
  93.00138
  93.14879
  93.28780
  93.41834
  93.54043
  93.65419
  93.75984
  93.85766
  93.94809
  94.03091
  94.10696
  94.17663
  94.24034
  94.29848
  94.35145
  94.39961
  94.44335
  94.48300
  94.51890
  94.55135
  94.58065
  94.60706
  94.63084
  94.65221
  94.67139
  94.68859
  94.70397
  94.71771
  94.72996
  94.74085
  94.75052
  94.75906
  94.76660
  94.77323
  94.77901
  94.78405
  94.78839
  94.79209
  94.79522
  94.79782
  94.79992
  94.80156
  94.80276
  94.80355
  94.80395
  94.80396
  94.80361
  94.80288
  94.80178
  94.80031
  94.79847
  94.79610
  94.79331
  94.79011
  94.78648
  94.78238
  94.77781
  94.77273
  94.76711
  94.76093
  94.75415
  94.74674
  94.73865
  94.72984
  94.72028
  94.70990
  94.69868
  94.68654
  94.67344
  94.65932
  94.64412
  94.62777
  94.61020
  94.59130
  94.57076
  94.54881
  94.52537
  94.50037
  94.47372
  94.44535
  94.41518
  94.38312
  94.34911
  94.31306
  94.27491
  94.23460
  94.19206
  94.14725
  94.10015
  94.05071
  93.99894
  93.94484
  93.88844
  93.82980
  93.76899
  93.70612
  93.64132
  93.57475
  93.50661
  93.43714
  93.36660
  93.29530
  93.22359
  93.15183
  93.08045
  93.00987
  92.94057
  92.87303
  92.80776
  92.74527
  92.68609
  92.63072
  92.57966
  92.53340
  92.49237
  92.45699
  92.42760
  92.40453
  92.38800
  92.37819
  92.37522
  92.37911
  92.38982
  92.40724
  92.43119
  92.46142
  92.49762
  92.53942
  92.58642
  92.63816
  92.69406
  92.75369
  92.81657
  92.88218
  92.95002
  93.01957
  93.09034
  93.16188
  93.23375
  93.30553
  93.37685
  93.44739
  93.51682
  93.58489
  93.65137
  93.71607
  93.77881
  93.83947
  93.89794
  93.95416
  94.00808
  94.05966
  94.10890
  94.15581
  94.20041
  94.24274
  94.28285
  94.32080
  94.35664
  94.39046
  94.42233
  94.45232
  94.48051
  94.50699
  94.53183
  94.55512
  94.57693
  94.59735
  94.61644
  94.63429
  94.65096
  94.66652
  94.68105
  94.69459
  94.70721
  94.71898
  94.72993
  94.74013
  94.74963
  94.75846
  94.76668
  94.77432
  94.78143
  94.78803
  94.79417
  94.79987
  94.80517
  94.81009
  94.81466
  94.81890
  94.82284
  94.82650
  94.82989
  94.83304
  94.83596
  94.83867
  94.84119
  94.84352
  94.84568
  94.84769
  94.84955
  94.85128
  94.85288
  94.85437
  94.85574
  94.85702
  94.85820
  94.85930
  94.86032
  94.86126
  94.86214
  94.86295
  94.86370
  94.86440
  94.86504
  94.86564
  94.86620
  94.86671
  94.86719
  94.86763
  94.86804
  94.86842
  94.86877
  94.86910
  94.86940
  94.86968
  94.86994
  94.87018
  94.87040
  94.87061
  94.87080
  94.87097
  94.87114
  94.87129
  94.87143
  94.87156
  94.87168
  94.87179
  94.87189
  94.87198
  94.87207
  94.87215
  94.87222
  94.87229
  94.87235
  94.87241
  94.87246
  94.87250
  94.87254
  94.87258
  94.87261
  94.87264
  94.87266
  94.87268
  94.87270
  94.87271
  94.87272
  94.87272
  94.87272
  94.87272
  94.87271
  94.87269
  94.87267
  94.87264
  94.87261
  94.87257
  94.87252
  94.87246
  94.87240
  94.87232
  94.87223
  94.87213
  94.87201
  94.87188
  94.87173
  94.87156
  94.87137
  94.87115
  94.87090
  94.87061
  94.87029
  94.86992
  94.86951
  94.86904
  94.86850
  94.86789
  94.86720
  94.86642
  94.86553
  94.86452
  94.86337
  94.86206
  94.86057
  94.85887
  94.85693
  94.85473
  94.85221
  94.84933
  94.84605
  94.84229
  94.83800
  94.83309
  94.82748
  94.82104
  94.81367
  94.80523
  94.79554
  94.78443
  94.77168
  94.75704
  94.74023
  94.72091
  94.69871
  94.67319
  94.64384
  94.61010
  94.57130
  94.52667
  94.47536
  94.41637
  94.34856
  94.27067
  94.18123
  94.07861
  93.96099
  93.82633
  93.67238
  93.49670
  93.29662
  93.06932
  92.81185
  92.52120
  92.19439
  91.82861
  91.42135
  90.97066
  90.47532
  89.93515
  89.35124
  88.72628
  88.06472
  87.37300
  86.65961
  85.93501
  85.21143
  84.50254
  83.82290
  83.18735
  82.61029
  82.10498
  81.68283
  81.35281
  81.12103
  80.99040
  80.96065
  81.02836
  81.18732
  81.42901
  81.74314
  82.11835
  82.54285
  83.00505
  83.49408
  84.00017
  84.51492
  85.03141
  85.54416
  86.04901
  86.54297
  87.02395
  87.49059
  87.94203
  88.37774
  88.79741
  89.20079
  89.58774
  89.95809
  90.31171
  90.64848
  90.96829
  91.27113
  91.55700
  91.82604
  92.07843
  92.31447
  92.53455
  92.73915
  92.92879
  93.10411
  93.26577
  93.41445
  93.55090
  93.67586
  93.79006
  93.89424
  93.98912
  94.07539
  94.15373
  94.22477
  94.28912
  94.34735
  94.39998
  94.44752
  94.49042
  94.52910
  94.56397
  94.59537
  94.62364
  94.64908
  94.67196
  94.69253
  94.71103
  94.72764
  94.74257
  94.75598
  94.76802
  94.77883
  94.78854
  94.79725
  94.80506
  94.81208
  94.81837
  94.82402
  94.82909
  94.83363
  94.83771
  94.84137
  94.84465
  94.84759
  94.85023
  94.85260
  94.85472
  94.85663
  94.85833
  94.85987
  94.86124
  94.86247
  94.86357
  94.86456
  94.86545
  94.86625
  94.86696
  94.86760
  94.86817
  94.86868
  94.86914
  94.86955
  94.86991
  94.87024
  94.87053
  94.87078
  94.87101
  94.87121
  94.87139
  94.87154
  94.87168
  94.87179
  94.87189
  94.87197
  94.87203
  94.87207
  94.87210
  94.87212
  94.87211
  94.87209
  94.87206
  94.87200
  94.87192
  94.87183
  94.87171
  94.87156
  94.87138
  94.87117
  94.87092
  94.87063
  94.87029
  94.86990
  94.86944
  94.86892
  94.86831
  94.86760
  94.86680
  94.86586
  94.86479
  94.86356
  94.86214
  94.86050
  94.85863
  94.85647
  94.85399
  94.85113
  94.84786
  94.84409
  94.83976
  94.83479
  94.82908
  94.82252
  94.81499
  94.80634
  94.79640
  94.78500
  94.77192
  94.75690
  94.73968
  94.71993
  94.69729
  94.67135
  94.64165
  94.60765
  94.56877
  94.52433
  94.47358
  94.41568
  94.34972
  94.27465
  94.18935
  94.09259
  93.98304
  93.85930
  93.71987
  93.56322
  93.38779
  93.19206
  92.97458
  92.73408
  92.46954
  92.18028
  91.86611
  91.52743
  91.16540
  90.78203
  90.38028
  89.96421
  89.53891
  89.11058
  88.68635
  88.27416
  87.88251
  87.52012
  87.19560
  86.91702
  86.69151
  86.52489
  86.42134
  86.38313
  86.41046
  86.50142
  86.65204
  86.85642
  87.10699
  87.39483
  87.70998
  88.04185
  88.37951
  88.71202
  89.02864
  89.31905
  89.57336
  89.78222
  89.93676
  90.02858
  90.04968
  89.99252
  89.85008
  89.61607
  89.28531
  88.85420
  88.32141
  87.68864
  86.96150
  86.15023
  85.27032
  84.34268
  83.39341
  82.45293
  81.55463
  80.73304
  80.02177
  79.45137
  79.04731
  78.82852
  78.80617
  78.98293
  79.35288
  79.90192
  80.60872
  81.44615
  82.38307
  83.38641
  84.42333
  85.46315
  86.47899
  87.44889
  88.35626
  89.18998
  89.94384
  90.61590
  91.20753
  91.72256
  92.16645
  92.54559
  92.86672
  93.13660
  93.36164
  93.54781
  93.70051
  93.82454
  93.92410
  94.00285
  94.06391
  94.10997
  94.14328
  94.16576
  94.17903
  94.18442
  94.18308
  94.17595
  94.16383
  94.14737
  94.12715
  94.10364
  94.07724
  94.04830
  94.01714
  93.98403
  93.94920
  93.91289
  93.87531
  93.83666
  93.79714
  93.75694
  93.71626
  93.67530
  93.63424
  93.59330
  93.55267
  93.51257
  93.47319
  93.43476
  93.39747
  93.36154
  93.32715
  93.29450
  93.26378
  93.23515
  93.20877
  93.18476
  93.16325
  93.14432
  93.12803
  93.11442
  93.10348
  93.09519
  93.08947
  93.08623
  93.08531
  93.08653
  93.08967
  93.09446
  93.10059
  93.10771
  93.11544
  93.12331
  93.13087
  93.13757
  93.14284
  93.14607
  93.14657
  93.14363
  93.13649
  93.12431
  93.10623
  93.08132
  93.04861
  93.00708
  92.95567
  92.89328
  92.81881
  92.73114
  92.62927
  92.51171
  92.37784
  92.22681
  92.05796
  91.87087
  91.66539
  91.44178
  91.20072
  90.94342
  90.67166
  90.38785
  90.09506
  89.79704
  89.49815
  89.20334
  88.91801
  88.64788
  88.39881
  88.17659
  87.98668
  87.83404
  87.72286
  87.65638
  87.63676
  87.66494
  87.74061
  87.86223
  88.02711
  88.23153
  88.47093
  88.74010
  89.03343
  89.34512
  89.66942
  90.00081
  90.33416
  90.66485
  90.98890
  91.30294
  91.60428
  91.89088
  92.16126
  92.41452
  92.65019
  92.86822
  93.06888
  93.25269
  93.42035
  93.57271
  93.71071
  93.83533
  93.94757
  94.04843
  94.13888
  94.21984
  94.29220
  94.35678
  94.41435
  94.46561
  94.51121
  94.55176
  94.58778
  94.61976
  94.64815
  94.67333
  94.69567
  94.71548
  94.73304
  94.74861
  94.76241
  94.77464
  94.78548
  94.79510
  94.80362
  94.81118
  94.81788
  94.82382
  94.82910
  94.83378
  94.83793
  94.84161
  94.84488
  94.84778
  94.85035
  94.85264
  94.85467
  94.85646
  94.85805
  94.85946
  94.86070
  94.86180
  94.86276
  94.86361
  94.86434
  94.86498
  94.86552
  94.86598
  94.86636
  94.86667
  94.86690
  94.86707
  94.86717
  94.86653
  94.86596
  94.86528
  94.86447
  94.86353
  94.86245
  94.86122
  94.85983
  94.85827
  94.85652
  94.85458
  94.85241
  94.85001
  94.84735
  94.84443
  94.84120
  94.83765
  94.83377
  94.82951
  94.82486
  94.81979
  94.81427
  94.80826
  94.80175
  94.79470
  94.78707
  94.77883
  94.76995
  94.76038
  94.75008
  94.73899
  94.72706
  94.71423
  94.70042
  94.68553
  94.66946
  94.65208
  94.63326
  94.61282
  94.59056
  94.56626
  94.53968
  94.51051
  94.47843
  94.44311
  94.40413
  94.36109
  94.31351
  94.26092
  94.20280
  94.13859
  94.06775
  93.98970
  93.90385
  93.80964
  93.70650
  93.59392
  93.47142
  93.33861
  93.19517
  93.04094
  92.87588
  92.70014
  92.51410
  92.31838
  92.11387
  91.90178
  91.68362
  91.46126
  91.23686
  91.01294
  90.79227
  90.57787
  90.37292
  90.18071
  90.00450
  89.84747
  89.71258
  89.60247
  89.51937
  89.46498
  89.44047
  89.44621
  89.48194
  89.54722
  89.64069
  89.76045
  89.90410
  90.06888
  90.25173
  90.44944
  90.65873
  90.87634
  91.09914
  91.32422
  91.54888
  91.77076
  91.98779
  92.19824
  92.40072
  92.59414
  92.77770
  92.95089
  93.11339
  93.26512
  93.40616
  93.53670
  93.65708
  93.76769
  93.86899
  93.96149
  94.04570
  94.12216
  94.19140
  94.25394
  94.31028
  94.36090
  94.40626
  94.44677
  94.48285
  94.51485
  94.54312
  94.56796
  94.58965
  94.60845
  94.62458
  94.63825
  94.64963
  94.65889
  94.66615
  94.67154
  94.67514
  94.67705
  94.67732
  94.67600
  94.67312
  94.66868
  94.66270
  94.65515
  94.64600
  94.63521
  94.62271
  94.60843
  94.59228
  94.57415
  94.55391
  94.53142
  94.50652
  94.47904
  94.44876
  94.41547
  94.37894
  94.33891
  94.29508
  94.24716
  94.19482
  94.13735
  94.07476
  94.00666
  93.93264
  93.85232
  93.76528
  93.67111
  93.56942
  93.45983
  93.34200
  93.21561
  93.08044
  92.93631
  92.78314
  92.62101
  92.45008
  92.27070
  92.08343
  91.88898
  91.68831
  91.48263
  91.27336
  91.06217
  90.85097
  90.64186
  90.43714
  90.23923
  90.05064
  89.87391
  89.71154
  89.56588
  89.43912
  89.33318
  89.24964
  89.18971
  89.15415
  89.14328
  89.15696
  89.19458
  89.25511
  89.33711
  89.43883
  89.55823
  89.69306
  89.84055
  89.99880
  90.16529
  90.33768
  90.51377
  90.69145
  90.86804
  91.04265
  91.21384
  91.38043
  91.54144
  91.69612
  91.84388
  91.98434
  92.11727
  92.24255
  92.36023
  92.47042
  92.57336
  92.66935
  92.75876
  92.84203
  92.91965
  92.99214
  93.06003
  93.12384
  93.18406
  93.24114
  93.29542
  93.34718
  93.39657
  93.44369
  93.48854
  93.53106
  93.57118
  93.60879
  93.64380
  93.67614
  93.70575
  93.73259
  93.75666
  93.77796
  93.79653
  93.81239
  93.82558
  93.83614
  93.84410
  93.84951
  93.85238
  93.85277
  93.85068
  93.84614
  93.83811
  93.82809
  93.81579
  93.80122
  93.78441
  93.76538
  93.74417
  93.72082
  93.69540
  93.66796
  93.63859
  93.60739
  93.57447
  93.53997
  93.50401
  93.46677
  93.42843
  93.38918
  93.34924
  93.30884
  93.26823
  93.22768
  93.18746
  93.14786
  93.10918
  93.07172
  93.03578
  93.00167
  92.96969
  92.94014
  92.91329
  92.88942
  92.86876
  92.85155
  92.83797
  92.82819
  92.82234
  92.82053
  92.82282
  92.82922
  92.83973
  92.85430
  92.87285
  92.89525
  92.92135
  92.95097
  92.98390
  93.01992
  93.05876
  93.10018
  93.14389
  93.18961
  93.23706
  93.28594
  93.33598
  93.38690
  93.43843
  93.49032
  93.54232
  93.59422
  93.64581
  93.69688
  93.74727
  93.79682
  93.84539
  93.89286
  93.93912
  93.98410
  94.02771
  94.06990
  94.11062
  94.14985
  94.18755
  94.22372
  94.25835
  94.29146
  94.32305
  94.35314
  94.38175
  94.40892
  94.43466
  94.45901
  94.48201
  94.50368
  94.52406
  94.54319
  94.56110
  94.57781
  94.59336
  94.60778
  94.62108
  94.63329
  94.64443
  94.65451
  94.66353
  94.67150
  94.67841
  94.68427
  94.68905
  94.69272
  94.69527
  94.69665
  94.69681
  94.69571
  94.69326
  94.68939
  94.68401
  94.67701
  94.66828
  94.65767
  94.64503
  94.63019
  94.61295
  94.59311
  94.57042
  94.54463
  94.51545
  94.48257
  94.44564
  94.40431
  94.35817
  94.30681
  94.24977
  94.18659
  94.11678
  94.03984
  93.95524
  93.86249
  93.76108
  93.65054
  93.53044
  93.40042
  93.26019
  93.10957
  92.94854
  92.77722
  92.59594
  92.40526
  92.20601
  91.99927
  91.78646
  91.56928
  91.34978
  91.13029
  90.91341
  90.70200
  90.49909
  90.30781
  90.13132
  89.97269
  89.83483
  89.72037
  89.63156
  89.57020
  89.53755
  89.53430
  89.56052
  89.61566
  89.69860
  89.80765
  89.94067
  90.09510
  90.26810
  90.45662
  90.65752
  90.86763
  91.08392
  91.30348
  91.52364
  91.74200
  91.95645
  92.16520
  92.36678
  92.56001
  92.74402
  92.91819
  93.08212
  93.23566
  93.37878
  93.51163
  93.63447
  93.74764
  93.85155
  93.94665
  94.03343
  94.11238
  94.18401
  94.24880
  94.30723
  94.35975
  94.40679
  94.44874
  94.48598
  94.51883
  94.54761
  94.57256
  94.59394
  94.61194
  94.62671
  94.63840
  94.64710
  94.65287
  94.65574
  94.65570
  94.65272
  94.64670
  94.63754
  94.62508
  94.60912
  94.58941
  94.56567
  94.53755
  94.50469
  94.46662
  94.42286
  94.37287
  94.31601
  94.25165
  94.17904
  94.09742
  94.00596
  93.90381
  93.79008
  93.66387
  93.52432
  93.37057
  93.20187
  93.01758
  92.81722
  92.60054
  92.36758
  92.11870
  91.85472
  91.57691
  91.28707
  90.98759
  90.68144
  90.37223
  90.06407
  89.76164
  89.46996
  89.19435
  88.94021
  88.71284
  88.51725
  88.35793
  88.23866
  88.16235
  88.13089
  88.14507
  88.20452
  88.30777
  88.45227
  88.63454
  88.85034
  89.09483
  89.36280
  89.64886
  89.94764
  90.25398
  90.56308
  90.87059
  91.17272
  91.46626
  91.74860
  92.01772
  92.27217
  92.51098
  92.73361
  92.93992
  93.13006
  93.30445
  93.46367
  93.60844
  93.73960
  93.85802
  93.96460
  94.06024
  94.14584
  94.22224
  94.29025
  94.35065
  94.40413
  94.45137
  94.49296
  94.52946
  94.56137
  94.58913
  94.61316
  94.63382
  94.65144
  94.66630
  94.67865
  94.68873
  94.69636
  94.70172
  94.70523
  94.70698
  94.70709
  94.70562
  94.70264
  94.69818
  94.69227
  94.68494
  94.67553
  94.66419
  94.65115
  94.63633
  94.61960
  94.60084
  94.57987
  94.55648
  94.53041
  94.50131
  94.46875
  94.43217
  94.39083
  94.34375
  94.28961
  94.22671
  94.15279
  94.06499
  93.95985
  93.83322
  93.68201
  93.50614
  93.31300
  93.12741
  93.00820
  93.06905
  93.47662
  94.33577
  95.36143
  95.73484
  95.02240
  93.87381
  93.01678
  92.60567
  92.49867
  92.53803
  92.62500
  92.71109
  92.77717
  92.81872
  92.83747
  92.83735
  92.82265
  92.79728
  92.76457
  92.72729
  92.68772
  92.64773
  92.60887
  92.57243
  92.53950
  92.51095
  92.48751
  92.46972
  92.45800
  92.45212
  92.45267
  92.45977
  92.47334
  92.49245
  92.51755
  92.54843
  92.58470
  92.62592
  92.67163
  92.72136
  92.77463
  92.83098
  92.88994
  92.95106
  93.01389
  93.07802
  93.14304
  93.20858
  93.27426
  93.33977
  93.40479
  93.46903
  93.53225
  93.59420
  93.65468
  93.71352
  93.77055
  93.82564
  93.87868
  93.92958
  93.97826
  94.02466
  94.06842
  94.10959
  94.14845
  94.18498
  94.21917
  94.25101
  94.28050
  94.30762
  94.33164
  94.35318
  94.37222
  94.38873
  94.40265
  94.41394
  94.42253
  94.42831
  94.43117
  94.43098
  94.42757
  94.42071
  94.41017
  94.39564
  94.37674
  94.35304
  94.32398
  94.28892
  94.24707
  94.19746
  94.13894
  94.07011
  93.98930
  93.89457
  93.78370
  93.65436
  93.50442
  93.33271
  93.14059
  92.93519
  92.73557
  92.58389
  92.56284
  92.81149
  93.49536
  94.61197
  95.60681
  95.53912
  94.34589
  92.94616
  91.95853
  91.42174
  91.17508
  91.07550
  91.03677
  91.01508
  90.99121
  90.95872
  90.91738
  90.86971
  90.81927
  90.76977
  90.72473
  90.68721
  90.65983
  90.64468
  90.64335
  90.65696
  90.68616
  90.73116
  90.79178
  90.86750
  90.95746
  91.06055
  91.17545
  91.30066
  91.43461
  91.57563
  91.72207
  91.87231
  92.02476
  92.17798
  92.33062
  92.48146
  92.62944
  92.77312
  92.91223
  93.04626
  93.17474
  93.29731
  93.41372
  93.52384
  93.62763
  93.72511
  93.81639
  93.90162
  93.98098
  94.05471
  94.12306
  94.18628
  94.24465
  94.29845
  94.34796
  94.39346
  94.43520
  94.47345
  94.50846
  94.54046
  94.56967
  94.59631
  94.62056
  94.64261
  94.66263
  94.68077
  94.69718
  94.71197
  94.72527
  94.73717
  94.74777
  94.75714
  94.76535
  94.77245
  94.77849
  94.78347
  94.78743
  94.79036
  94.79224
  94.79303
  94.79269
  94.79115
  94.78830
  94.78402
  94.77818
  94.77058
  94.76102
  94.74922
  94.73488
  94.71763
  94.69706
  94.67266
  94.64385
  94.60996
  94.57022
  94.52373
  94.46946
  94.40626
  94.33278
  94.24753
  94.14882
  94.03479
  93.90335
  93.75226
  93.57909
  93.38129
  93.15621
  92.90122
  92.61375
  92.29151
  91.93260
  91.53574
  91.10052
  90.62766
  90.11924
  89.57898
  89.01243
  88.42706
  87.83225
  87.23920
  86.66056
  86.11001
  85.60161
  85.14919
  84.76550
  84.46150
  84.24569
  84.12354
  84.09709
  84.16477
  84.32139
  84.55839
  84.86421
  85.22492
  85.62484
  86.04728
  86.47530
  86.89236
  87.28289
  87.63276
  87.92956
  88.16284
  88.32421
  88.40737
  88.40816
  88.32463
  88.15708
  87.90820
  87.58319
  87.18992
  86.73899
  86.24370
  85.71988
  85.18551
  84.66018
  84.16428
  83.71811
  83.34087
  83.04966
  82.85855
  82.77781
  82.81339
  82.96656
  83.23400
  83.60798
  84.07700
  84.62646
  85.23968
  85.89884
  86.58602
  87.28414
  87.97772
  88.65342
  89.30043
  89.91052
  90.47800
  90.99949
  91.47359
  91.90054
  92.28182
  92.61981
  92.91749
  93.17818
  93.40534
  93.60241
  93.77272
  93.91940
  94.04533
  94.15313
  94.24519
  94.32360
  94.39022
  94.44669
  94.49443
  94.53468
  94.56851
  94.59684
  94.62047
  94.64009
  94.65627
  94.66951
  94.68024
  94.68883
  94.69558
  94.70075
  94.70457
  94.70722
  94.70888
  94.70966
  94.70969
  94.70906
  94.70784
  94.70612
  94.70393
  94.70133
  94.69836
  94.69503
  94.69137
  94.68740
  94.68312
  94.67854
  94.67366
  94.66847
  94.66296
  94.65711
  94.65091
  94.64433
  94.63733
  94.62988
  94.62194
  94.61345
  94.60435
  94.59458
  94.58405
  94.57269
  94.56037
  94.54700
  94.53244
  94.51653
  94.49912
  94.48001
  94.45900
  94.43583
  94.41025
  94.38194
  94.35058
  94.31578
  94.27712
  94.23415
  94.18635
  94.13315
  94.07393
  94.00802
  93.93469
  93.85314
  93.76255
  93.66201
  93.55062
  93.42743
  93.29148
  93.14183
  92.97761
  92.79800
  92.60234
  92.39013
  92.16113
  91.91539
  91.65335
  91.37589
  91.08439
  90.78080
  90.46771
  90.14830
  89.82638
  89.50637
  89.19316
  88.89206
  88.60859
  88.34835
  88.11676
  87.91890
  87.75924
  87.64147
  87.56829
  87.54132
  87.56100
  87.62654
  87.73600
  87.88634
  88.07358
  88.29297
  88.53920
  88.80661
  89.08942
  89.38191
  89.67863
  89.97452
  90.26503
  90.54617
  90.81459
  91.06753
  91.30282
  91.51885
  91.71446
  91.88896
  92.04197
  92.17342
  92.28345
  92.37239
  92.44068
  92.48885
  92.51752
  92.52732
  92.51895
  92.49310
  92.45053
  92.39203
  92.31844
  92.23069
  92.12979
  92.01687
  91.89317
  91.76010
  91.61922
  91.47226
  91.32111
  91.16783
  91.01462
  90.86383
  90.71785
  90.57915
  90.45018
  90.33332
  90.23083
  90.14478
  90.07698
  90.02893
  90.00178
  89.99629
  90.01278
  90.05118
  90.11097
  90.19126
  90.29076
  90.40791
  90.54085
  90.68756
  90.84585
  91.01350
  91.18826
  91.36795
  91.55048
  91.73391
  91.91647
  92.09658
  92.27288
  92.44422
  92.60964
  92.76840
  92.91995
  93.06388
  93.19997
  93.32811
  93.44832
  93.56070
  93.66544
  93.76277
  93.85301
  93.93647
  94.01350
  94.08447
  94.14974
  94.20969
  94.26468
  94.31506
  94.36116
  94.40332
  94.44184
  94.47701
  94.50911
  94.53839
  94.56509
  94.58942
  94.61159
  94.63179
  94.65018
  94.66693
  94.68218
  94.69606
  94.70868
  94.72017
  94.73060
  94.74008
  94.74867
  94.75646
  94.76350
  94.76984
  94.77553
  94.78062
  94.78514
  94.78911
  94.79255
  94.79549
  94.79792
  94.79985
  94.80127
  94.80218
  94.80254
  94.80234
  94.80154
  94.80008
  94.79791
  94.79496
  94.79114
  94.78636
  94.78050
  94.77342
  94.76497
  94.75496
  94.74317
  94.72938
  94.71329
  94.69460
  94.67292
  94.64786
  94.61893
  94.58560
  94.54726
  94.50322
  94.45273
  94.39490
  94.32880
  94.25336
  94.16741
  94.06969
  93.95881
  93.83332
  93.69167
  93.53226
  93.35349
  93.15375
  92.93157
  92.68561
  92.41483
  92.11854
  91.79657
  91.44941
  91.07829
  90.68539
  90.27392
  89.84819
  89.41368
  88.97696
  88.54563
  88.12812
  87.73342
  87.37077
  87.04925
  86.77734
  86.56258
  86.41111
  86.32735
  86.31382
  86.37091
  86.49694
  86.68776
  86.93783
  87.24044
  87.58737
  87.96968
  88.37810
  88.80346
  89.23697
  89.67061
  90.09725
  90.51085
  90.90644
  91.28014
  91.62910
  91.95131
  92.24552
  92.51099
  92.74741
  92.95462
  93.13252
  93.28086
  93.39914
  93.48653
  93.54200
  93.56465
  93.55472
  93.51587
  93.45979
  93.41548
  93.44584
  93.67132
  94.27942
  95.42596
  96.86009
  97.59057
  96.89844
  95.52291
  94.44737
  93.91279
  93.76187
  93.80915
  93.93654
  94.08324
  94.22204
  94.34292
  94.44389
  94.52636
  94.59293
  94.64635
  94.68913
  94.72340
  94.75091
  94.77306
  94.79095
  94.80547
  94.81730
  94.82697
  94.83493
  94.84108
  94.84592
  94.84978
  94.85281
  94.85513
  94.85684
  94.85802
  94.85871
  94.85895
  94.85875
  94.85814
  94.85676
  94.85463
  94.85213
  94.84920
  94.84576
  94.84174
  94.83703
  94.83152
  94.82504
  94.81743
  94.80845
  94.79785
  94.78527
  94.77033
  94.75251
  94.73120
  94.70564
  94.67490
  94.63785
  94.59314
  94.53916
  94.47414
  94.39626
  94.30406
  94.19747
  94.07990
  93.96308
  93.87728
  93.89231
  94.15594
  94.93895
  96.56617
  98.82775
 100.01481
  98.70505
  96.44901
  94.87417
  94.12994
  93.88631
  93.87992
  93.96875
  94.08607
  94.20311
  94.30882
  94.40005
  94.47701
  94.54119
  94.59441
  94.63846
  94.67489
  94.70506
  94.73009
  94.75087
  94.76817
  94.78259
  94.79462
  94.80466
  94.81302
  94.81998
  94.82575
  94.83049
  94.83435
  94.83743
  94.83984
  94.84164
  94.84288
  94.84361
  94.84386
  94.84365
  94.84299
  94.84188
  94.84033
  94.83831
  94.83582
  94.83283
  94.82930
  94.82520
  94.82048
  94.81491
  94.80832
  94.80097
  94.79280
  94.78369
  94.77355
  94.76226
  94.74970
  94.73573
  94.72020
  94.70292
  94.68373
  94.66242
  94.63876
  94.61251
  94.58340
  94.55115
  94.51545
  94.47596
  94.43232
  94.38414
  94.33102
  94.27253
  94.20822
  94.13763
  94.06027
  93.97567
  93.88336
  93.78288
  93.67379
  93.55571
  93.42831
  93.29136
  93.14472
  92.98837
  92.82249
  92.64740
  92.46367
  92.27207
  92.07368
  91.86981
  91.66210
  91.45243
  91.24301
  91.03625
  90.83479
  90.64146
  90.45914
  90.29075
  90.13913
  90.00699
  89.89676
  89.81054
  89.75001
  89.71639
  89.71034
  89.73198
  89.78087
  89.85602
  89.95596
  90.07873
  90.22203
  90.38326
  90.55962
  90.74821
  90.94611
  91.15046
  91.35852
  91.56776
  91.77588
  91.98085
  92.18090
  92.37457
  92.56067
  92.73828
  92.90673
  93.06557
  93.21453
  93.35353
  93.48262
  93.60196
  93.71180
  93.81244
  93.90425
  93.98761
  94.06291
  94.13057
  94.19095
  94.24442
  94.29133
  94.33197
  94.36661
  94.39548
  94.41874
  94.43654
  94.44894
  94.45597
  94.45760
  94.45372
  94.44420
  94.42880
  94.40724
  94.37917
  94.34417
  94.30172
  94.25128
  94.19218
  94.12371
  94.04509
  93.95547
  93.85395
  93.73959
  93.61143
  93.46851
  93.30992
  93.13481
  92.94247
  92.73234
  92.50413
  92.25786
  91.99393
  91.71321
  91.41712
  91.10768
  90.78756
  90.46012
  90.12940
  89.80006
  89.47735
  89.16695
  88.87479
  88.60692
  88.36921
  88.16715
  88.00563
  87.88866
  87.81923
  87.79915
  87.82895
  87.90786
  88.03387
  88.20380
  88.41345
  88.65692
  88.92974
  89.22570
  89.53877
  89.86301
  90.19282
  90.52303
  90.84906
  91.16698
  91.47351
  91.76606
  92.04268
  92.30199
  92.54313
  92.76565
  92.96946
  93.15475
  93.32186
  93.47125
  93.60343
  93.71884
  93.81784
  93.90062
  93.96711
  94.01692
  94.04930
  94.06301
  94.05637
  94.02735
  93.97406
  93.89607
  93.79788
  93.69735
  93.64616
  93.77753
  94.40345
  96.12079
  99.38879
 102.22805
 100.74662
  97.20776
  94.94923
  94.03756
  93.80735
  93.84870
  93.97772
  94.12102
  94.25231
  94.36423
  94.45666
  94.53191
  94.59282
  94.64208
  94.68198
  94.71439
  94.74082
  94.76246
  94.78027
  94.79498
  94.80719
  94.81737
  94.82589
  94.83305
  94.83909
  94.84421
  94.84856
  94.85227
  94.85544
  94.85817
  94.86051
  94.86254
  94.86429
  94.86581
  94.86713
  94.86828
  94.86929
  94.87017
  94.87094
  94.87115
  94.87123
  94.87131
  94.87137
  94.87142
  94.87147
  94.87151
  94.87154
  94.87157
  94.87160
  94.87162
  94.87164
  94.87165
  94.87167
  94.87168
  94.87169
  94.87169
  94.87170
  94.87170
  94.87170
  94.87170
  94.87170
  94.87170
  94.87170
  94.87169
  94.87169
  94.87168
  94.87167
  94.87167
  94.87166
  94.87165
  94.87164
  94.87162
  94.87161
  94.87160
  94.87158
  94.87156
  94.87155
  94.87153
  94.87150
  94.87148
  94.87146
  94.87143
  94.87140
  94.87137
  94.87134
  94.87130
  94.87126
  94.87122
  94.87118
  94.87113
  94.87108
  94.87102
  94.87096
  94.87089
  94.87082
  94.87074
  94.87066
  94.87057
  94.87047
  94.87036
  94.87025
  94.87012
  94.86999
  94.86984
  94.86968
  94.86950
  94.86931
  94.86911
  94.86888
  94.86864
  94.86838
  94.86809
  94.86777
  94.86743
  94.86706
  94.86666
  94.86622
  94.86574
  94.86522
  94.86465
  94.86403
  94.86335
  94.86262
  94.86181
  94.86094
  94.85998
  94.85894
  94.85781
  94.85657
  94.85522
  94.85375
  94.85214
  94.85039
  94.84848
  94.84640
  94.84413
  94.84165
  94.83894
  94.83599
  94.83277
  94.82926
  94.82543
  94.82126
  94.81670
  94.81173
  94.80632
  94.80041
  94.79397
  94.78696
  94.77931
  94.77097
  94.76189
  94.75201
  94.74124
  94.72952
  94.71676
  94.70288
  94.68779
  94.67138
  94.65355
  94.63419
  94.61317
  94.59037
  94.56565
  94.53887
  94.50988
  94.47852
  94.44463
  94.40804
  94.36859
  94.32609
  94.28037
  94.23126
  94.17858
  94.12217
  94.06188
  93.99755
  93.92907
  93.85633
  93.77927
  93.69784
  93.61205
  93.52196
  93.42766
  93.32933
  93.22720
  93.12160
  93.01291
  92.90162
  92.78830
  92.67360
  92.55827
  92.44315
  92.32914
  92.21722
  92.10842
  92.00383
  91.90453
  91.81162
  91.72617
  91.64922
  91.58171
  91.52450
  91.47835
  91.44384
  91.42143
  91.41141
  91.41387
  91.42874
  91.45576
  91.49453
  91.54444
  91.60479
  91.67472
  91.75329
  91.83946
  91.93216
  92.03029
  92.13272
  92.23837
  92.34616
  92.45510
  92.56423
  92.67269
  92.77970
  92.88454
  92.98662
  93.08541
  93.18048
  93.27147
  93.35810
  93.44017
  93.51753
  93.59009
  93.65782
  93.72071
  93.77882
  93.83220
  93.88095
  93.92518
  93.96502
  94.00061
  94.03209
  94.05961
  94.08332
  94.10336
  94.11989
  94.13304
  94.14297
  94.14980
  94.15366
  94.15469
  94.15299
  94.14869
  94.14190
  94.13272
  94.12126
  94.10762
  94.09190
  94.07420
  94.05461
  94.03324
  94.01017
  93.98552
  93.95938
  93.93187
  93.90308
  93.87314
  93.84216
  93.81028
  93.77761
  93.74431
  93.71050
  93.67633
  93.64197
  93.60756
  93.57328
  93.53928
  93.50573
  93.47282
  93.44070
  93.40956
  93.37955
  93.35084
  93.32360
  93.29797
  93.27409
  93.25211
  93.23214
  93.21428
  93.19864
  93.18527
  93.17425
  93.16562
  93.15938
  93.15555
  93.15411
  93.15501
  93.15821
  93.16362
  93.17116
  93.18071
  93.19215
  93.20535
  93.22014
  93.23637
  93.25386
  93.27244
  93.29192
  93.31210
  93.33280
  93.35382
  93.37497
  93.39605
  93.41687
  93.43725
  93.45699
  93.47592
  93.49386
  93.51066
  93.52613
  93.54013
  93.55250
  93.56227
  93.57001
  93.57553
  93.57868
  93.57929
  93.57720
  93.57223
  93.56420
  93.55292
  93.53817
  93.51973
  93.49732
  93.47066
  93.43940
  93.40316
  93.36147
  93.31381
  93.25956
  93.19804
  93.12847
  93.05004
  92.96192
  92.86338
  92.75395
  92.63356
  92.50289
  92.36359
  92.21859
  92.07218
  91.92974
  91.79703
  91.67892
  91.57792
  91.49322
  91.42105
  91.35680
  91.29791
  91.24573
  91.20502
  91.18145
  91.17876
  91.19738
  91.23458
  91.28578
  91.34598
  91.41079
  91.47700
  91.54264
  91.60679
  91.66933
  91.73061
  91.79125
  91.85195
  91.91334
  91.97597
  92.04024
  92.10642
  92.17462
  92.24484
  92.31698
  92.39085
  92.46620
  92.54273
  92.62013
  92.69805
  92.77615
  92.85408
  92.93153
  93.00818
  93.08377
  93.15802
  93.23071
  93.30108
  93.36945
  93.43585
  93.50015
  93.56226
  93.62211
  93.67964
  93.73483
  93.78767
  93.83816
  93.88634
  93.93223
  93.97589
  94.01736
  94.05671
  94.09399
  94.12929
  94.16268
  94.19421
  94.22399
  94.25206
  94.27852
  94.30343
  94.32687
  94.34890
  94.36959
  94.38900
  94.40720
  94.42425
  94.44019
  94.45509
  94.46898
  94.48193
  94.49396
  94.50513
  94.51546
  94.52500
  94.53378
  94.54182
  94.54916
  94.55582
  94.56181
  94.56717
  94.57190
  94.57603
  94.57957
  94.58253
  94.58492
  94.58675
  94.58803
  94.58877
  94.58896
  94.58860
  94.58772
  94.58629
  94.58432
  94.58181
  94.57876
  94.57516
  94.57100
  94.56629
  94.56102
  94.55517
  94.54874
  94.54173
  94.53412
  94.52591
  94.51708
  94.50764
  94.49757
  94.48686
  94.47551
  94.46351
  94.45086
  94.43754
  94.42355
  94.40890
  94.39358
  94.37758
  94.36092
  94.34359
  94.32560
  94.30696
  94.28767
  94.26776
  94.24724
  94.22612
  94.20443
  94.18219
  94.15944
  94.13619
  94.11248
  94.08835
  94.06384
  94.03898
  94.01382
  93.98838
  93.96272
  93.93687
  93.91087
  93.88474
  93.85850
  93.83217
  93.80576
  93.77925
  93.75261
  93.72578
  93.69869
  93.67122
  93.64322
  93.61448
  93.58477
  93.55374
  93.52101
  93.48608
  93.44837
  93.40715
  93.36157
  93.31061
  93.25304
  93.18743
  93.11209
  93.02505
  92.92400
  92.80628
  92.66879
  92.50802
  92.31993
  92.09998
  91.84305
  91.54350
  91.19514
  90.79134
  90.32506
  89.78912
  89.17640
  88.48016
  87.69455
  86.81510
  85.83938
  84.76770
  83.60387
  82.35583
  81.03631
  79.66314
  78.25936
  76.85293
  75.47598
  74.16372
  72.95283
  71.87968
  70.97825
  70.27817
  69.80285
  69.56795
  69.58032
  69.83744
  70.32753
  71.03013
  71.91723
  72.95486
  74.10497
  75.32744
  76.58211
  77.83064
  79.03816
  80.17439
  81.21455
  82.13962
  82.93647
  83.59756
  84.12052
  84.50764
  84.76533
  84.90359
  84.93553
  84.87685
  84.74541
  84.56064
  84.34299
  84.11325
  83.89183
  83.69799
  83.54911
  83.45995
  83.44212
  83.50362
  83.64858
  83.87723
  84.18608
  84.56826
  85.01408
  85.51168
  86.04785
  86.60871
  87.18051
  87.75025
  88.30619
  88.83822
  89.33803
  89.79918
  90.21699
  90.58842
  90.91182
  91.18667
  91.41337
  91.59297
  91.72701
  91.81735
  91.86604
  91.87527
  91.84730
  91.78447
  91.68922
  91.56409
  91.41179
  91.23526
  91.03768
  90.82258
  90.59379
  90.35552
  90.11231
  89.86900
  89.63066
  89.40249
  89.18970
  88.99736
  88.83026
  88.69269
  88.58835
  88.52017
  88.49022
  88.49960
  88.54842
  88.63583
  88.76002
  88.91834
  89.10742
  89.32334
  89.56175
  89.81810
  90.08777
  90.36622
  90.64919
  90.93270
  91.21325
  91.48778
  91.75374
  92.00909
  92.25225
  92.48211
  92.69795
  92.89942
  93.08645
  93.25924
  93.41815
  93.56373
  93.69661
  93.81752
  93.92722
  94.02650
  94.11612
  94.19688
  94.26951
  94.33471
  94.39318
  94.44552
  94.49234
  94.53416
  94.57150
  94.60480
  94.63447
  94.66091
  94.68443
  94.70537
  94.72399
  94.74054
  94.75525
  94.76832
  94.77992
  94.79023
  94.79938
  94.80750
  94.81471
  94.82111
  94.82679
  94.83183
  94.83630
  94.84026
  94.84378
  94.84690
  94.84967
  94.85212
  94.85430
  94.85624
  94.85795
  94.85947
  94.86082
  94.86202
  94.86308
  94.86403
  94.86486
  94.86560
  94.86626
  94.86685
  94.86737
  94.86783
  94.86824
  94.86861
  94.86893
  94.86922
  94.86947
  94.86970
  94.86990
  94.87008
  94.87024
  94.87038
  94.87051
  94.87062
  94.87072
  94.87081
  94.87089
  94.87097
  94.87103
  94.87109
  94.87114
  94.87118
  94.87122
  94.87126
  94.87129
  94.87132
  94.87135
  94.87137
  94.87139
  94.87141
  94.87142
  94.87144
  94.87145
  94.87146
  94.87148
  94.87149
  94.87149
  94.87150
  94.87151
  94.87152
  94.87152
  94.87153
  94.87153
  94.87153
  94.87154
  94.87154
  94.87154
  94.87154
  94.87155
  94.87155
  94.87155
  94.87155
  94.87155
  94.87155
  94.87155
  94.87155
  94.87155
  94.87154
  94.87154
  94.87154
  94.87154
  94.87153
  94.87153
  94.87153
  94.87152
  94.87152
  94.87151
  94.87151
  94.87150
  94.87149
  94.87148
  94.87148
  94.87147
  94.87146
  94.87144
  94.87143
  94.87142
  94.87140
  94.87139
  94.87137
  94.87135
  94.87133
  94.87130
  94.87128
  94.87125
  94.87122
  94.87119
  94.87115
  94.87111
  94.87107
  94.87103
  94.87098
  94.87092
  94.87086
  94.87080
  94.87073
  94.87066
  94.87057
  94.87048
  94.87039
  94.87028
  94.87017
  94.87004
  94.86991
  94.86976
  94.86960
  94.86942
  94.86923
  94.86902
  94.86880
  94.86855
  94.86828
  94.86799
  94.86768
  94.86733
  94.86696
  94.86655
  94.86610
  94.86562
  94.86509
  94.86452
  94.86389
  94.86321
  94.86247
  94.86167
  94.86079
  94.85983
  94.85879
  94.85765
  94.85642
  94.85507
  94.85360
  94.85201
  94.85027
  94.84837
  94.84631
  94.84406
  94.84162
  94.83895
  94.83605
  94.83289
  94.82944
  94.82569
  94.82161
  94.81717
  94.81233
  94.80706
  94.80132
  94.79438
  94.78637
  94.77747
  94.76756
  94.75648
  94.74402
  94.72994
  94.71393
  94.69559
  94.67439
  94.64964
  94.62043
  94.58553
  94.54327
  94.49140
  94.42693
  94.34590
  94.24334
  94.11357
  93.95162
  93.75757
  93.54787
  93.38229
  93.42125
  94.01362
  95.65977
  98.16692
  99.13473
  97.11056
  94.66449
  93.34674
  92.90238
  92.85432
  92.93282
  93.02366
  93.08760
  93.11616
  93.11186
  93.08020
  93.02673
  92.95618
  92.87234
  92.77821
  92.67617
  92.56819
  92.45594
  92.34089
  92.22440
  92.10774
  91.99215
  91.87883
  91.76894
  91.66364
  91.56400
  91.47106
  91.38483
  91.30733
  91.23923
  91.18113
  91.13349
  91.09659
  91.07058
  91.05543
  91.05093
  91.05673
  91.07232
  91.09705
  91.13015
  91.17075
  91.21792
  91.27066
  91.32795
  91.38876
  91.45208
  91.51696
  91.58247
  91.64777
  91.71212
  91.77483
  91.83536
  91.89217
  91.94566
  91.99552
  92.04147
  92.08330
  92.12081
  92.15382
  92.18207
  92.20524
  92.22276
  92.23376
  92.23683
  92.22974
  92.20900
  92.16922
  92.10241
  91.99758
  91.84292
  91.63928
  91.45985
  91.69794
  94.05970
 104.20615
 115.82234
 100.30802
  93.20572
  91.84370
  91.86830
  92.13372
  92.38766
  92.59024
  92.74754
  92.87202
  92.97410
  93.06117
  93.13816
  93.20830
  93.27365
  93.33553
  93.39476
  93.45181
  93.50693
  93.56023
  93.61171
  93.66131
  93.70891
  93.75438
  93.79684
  93.83670
  93.87405
  93.90862
  93.94019
  93.96850
  93.99329
  94.01428
  94.03118
  94.04368
  94.05143
  94.05408
  94.05121
  94.04238
  94.02710
  94.00484
  93.97500
  93.93694
  93.88994
  93.83323
  93.76596
  93.68724
  93.59609
  93.49149
  93.37236
  93.23760
  93.08608
  92.91669
  92.72834
  92.52004
  92.29090
  92.04023
  91.76754
  91.47267
  91.15579
  90.81752
  90.45896
  90.08171
  89.68796
  89.28043
  88.86236
  88.43750
  88.00991
  87.58393
  87.16394
  86.75420
  86.35866
  85.98074
  85.62314
  85.28769
  84.97529
  84.68579
  84.41809
  84.17020
  83.93943
  83.72263
  83.51648
  83.31784
  83.12407
  82.93339
  82.74512
  82.55995
  82.38001
  82.20891
  82.05162
  81.91427
  81.80378
  81.72747
  81.69261
  81.70591
  81.77310
  81.89852
  82.08479
  82.33264
  82.64082
  83.00613
  83.42361
  83.88679
  84.38807
  84.91904
  85.47098
  86.03516
  86.60328
  87.16769
  87.72168
  88.25952
  88.77662
  89.26945
  89.73555
  90.17334
  90.58211
  90.96180
  91.31289
  91.63630
  91.93326
  92.20520
  92.45367
  92.68031
  92.88673
  93.07454
  93.24529
  93.40044
  93.54137
  93.66937
  93.78563
  93.89123
  93.98717
  94.07437
  94.15365
  94.22576
  94.29139
  94.35114
  94.40558
  94.45519
  94.50044
  94.54172
  94.57941
  94.61384
  94.64531
  94.67409
  94.70041
  94.72451
  94.74658
  94.76680
  94.78533
  94.80233
  94.81793
  94.83224
  94.84538
  94.85745
  94.86854
  94.87874
  94.88812
  94.89674
  94.90467
  94.91197
  94.91870
  94.92489
  94.93059
  94.93584
  94.94069
  94.94515
  94.94926
  94.95306
  94.95655
  94.95978
  94.96276
  94.96551
  94.96805
  94.97039
  94.97255
  94.97454
  94.97639
  94.97809
  94.97966
  94.98112
  94.98246
  94.98370
  94.98484
  94.98590
  94.98688
  94.98779
  94.98862
  94.98939
  94.99011
  94.99077
  94.99138
  94.99195
  94.99247
  94.99295
  94.99340
  94.99381
  94.99419
  94.99455
  94.99487
  94.99518
  94.99546
  94.99571
  94.99595
  94.99617
  94.99638
  94.99657
  94.99674
  94.99691
  94.99706
  94.99720
  94.99732
  94.99744
  94.99755
  94.99766
  94.99775
  94.99784
  94.99792
  94.99799
  94.99806
  94.99812
  94.99818
  94.99824
  94.99829
  94.99834
  94.99838
  94.99842
  94.99846
  94.99849
  94.99852
  94.99855
  94.99858
  94.99861
  94.99863
  94.99865
  94.99867
  94.99869
  94.99871
  94.99872
  94.99874
  94.99875
  94.99876
  94.99877
  94.99878
  94.99879
  94.99880
  94.99881
  94.99882
  94.99883
  94.99883
  94.99884
  94.99885
  94.99885
  94.99886
  94.99886
  94.99887
  94.99887
  94.99887
  94.99888
  94.99888
  94.99888
  94.99888
  94.99889
  94.99889
  94.99889
  94.99889
  94.99889
  94.99889
  94.99890
  94.99890
  94.99890
  94.99890
  94.99890
  94.99890
  94.99890
  94.99890
  94.99890
  94.99890
  94.99890
  94.99890
  94.99890
  94.99890
  94.99890
  94.99890
  94.99889
  94.99889
  94.99889
  94.99889
  94.99888
  94.99888
  94.99888
  94.99887
  94.99887
  94.99887
  94.99886
  94.99885
  94.99885
  94.99884
  94.99883
  94.99882
  94.99881
  94.99880
  94.99878
  94.99877
  94.99875
  94.99874
  94.99871
  94.99869
  94.99867
  94.99864
  94.99861
  94.99857
  94.99853
  94.99849
  94.99844
  94.99839
  94.99833
  94.99826
  94.99819
  94.99811
  94.99802
  94.99792
  94.99780
  94.99768
  94.99754
  94.99739
  94.99721
  94.99702
  94.99681
  94.99657
  94.99631
  94.99602
  94.99569
  94.99533
  94.99493
  94.99448
  94.99399
  94.99343
  94.99282
  94.99214
  94.99138
  94.99053
  94.98959
  94.98855
  94.98739
  94.98609
  94.98466
  94.98306
  94.98129
  94.97931
  94.97712
  94.97468
  94.97197
  94.96896
  94.96561
  94.96189
  94.95776
  94.95316
  94.94806
  94.94239
  94.93610
  94.92910
  94.92134
  94.91272
  94.90316
  94.89254
  94.88076
  94.86770
  94.85322
  94.83717
  94.81939
  94.79969
  94.77789
  94.75377
  94.72710
  94.69762
  94.66507
  94.62916
  94.58957
  94.54596
  94.49798
  94.44525
  94.38738
  94.32410
  94.25343
  94.17645
  94.09251
  94.00116
  93.90198
  93.79457
  93.67857
  93.55367
  93.41964
  93.27633
  93.12370
  92.96187
  92.79109
  92.61180
  92.42463
  92.23045
  92.03033
  91.82560
  91.61782
  91.40878
  91.20046
  90.99502
  90.79478
  90.60209
  90.41934
  90.24886
  90.09283
  89.95324
  89.83176
  89.72973
  89.64806
  89.58720
  89.54711
  89.52724
  89.52655
  89.54356
  89.57634
  89.62261
  89.67984
  89.74527
  89.81605
  89.88931
  89.96227
  90.03229
  90.09693
  90.15409
  90.20195
  90.23906
  90.26436
  90.27714
  90.27708
  90.26419
  90.23878
  90.20147
  90.15317
  90.09500
  90.02837
  89.95490
  89.87649
  89.79524
  89.71351
  89.63382
  89.55880
  89.49114
  89.43349
  89.38834
  89.35794
  89.34424
  89.34882
  89.37283
  89.41697
  89.48149
  89.56622
  89.67056
  89.79351
  89.93375
  90.08954
  90.25877
  90.43986
  90.63065
  90.82894
  91.03257
  91.23938
  91.44737
  91.65464
  91.85949
  92.06038
  92.25602
  92.44529
  92.62729
  92.80132
  92.96686
  93.12358
  93.27129
  93.40991
  93.53953
  93.66028
  93.77239
  93.87617
  93.97194
  94.06008
  94.14103
  94.21460
  94.28169
  94.34269
  94.39800
  94.44799
  94.49301
  94.53340
  94.56948
  94.60154
  94.62986
  94.65468
  94.67624
  94.69473
  94.71034
  94.72323
  94.73356
  94.74143
  94.74697
  94.74985
  94.75053
  94.74914
  94.74571
  94.74027
  94.73284
  94.72342
  94.71201
  94.69861
  94.68320
  94.66574
  94.64623
  94.62462
  94.60087
  94.57496
  94.54684
  94.51648
  94.48384
  94.44888
  94.41157
  94.37186
  94.32972
  94.28511
  94.23801
  94.18838
  94.13618
  94.08138
  94.02396
  93.96390
  93.90117
  93.83578
  93.76773
  93.69705
  93.62380
  93.54806
  93.46995
  93.38962
  93.30728
  93.22320
  93.13769
  93.05111
  92.96392
  92.87660
  92.78971
  92.70387
  92.61974
  92.53802
  92.45946
  92.38481
  92.31483
  92.25029
  92.19191
  92.14039
  92.09637
  92.06040
  92.03298
  92.01448
  92.00519
  92.00525
  92.01472
  92.03352
  92.06146
  92.09823
  92.14341
  92.19650
  92.25691
  92.32399
  92.39702
  92.47526
  92.55793
  92.64425
  92.73345
  92.82477
  92.91750
  93.01095
  93.10447
  93.19748
  93.28946
  93.37968
  93.46781
  93.55372
  93.63708
  93.71768
  93.79531
  93.86983
  93.94114
  94.00918
  94.07393
  94.13539
  94.19359
  94.24860
  94.30047
  94.34930
  94.39518
  94.43823
  94.47857
  94.51630
  94.55156
  94.58447
  94.61515
  94.64372
  94.67031
  94.69503
  94.71799
  94.73931
  94.75908
  94.77742
  94.79441
  94.81014
  94.82470
  94.83818
  94.85064
  94.86216
  94.87281
  94.88264
  94.89173
  94.90012
  94.90786
  94.91500
  94.92160
  94.92768
  94.93329
  94.93846
  94.94323
  94.94763
  94.95168
  94.95542
  94.95886
  94.96203
  94.96496
  94.96765
  94.97013
  94.97241
  94.97452
  94.97645
  94.97824
  94.97988
  94.98139
  94.98278
  94.98406
  94.98524
  94.98633
  94.98732
  94.98824
  94.98908
  94.98986
  94.99056
  94.99122
  94.99181
  94.99235
  94.99285
  94.99330
  94.99371
  94.99408
  94.99441
  94.99471
  94.99496
  94.99519
  94.99537
  94.99552
  94.99564
  94.99572
  94.99575
  94.99574
  94.99569
  94.99558
  94.99542
  94.99518
  94.99487
  94.99448
  94.99398
  94.99337
  94.99262
  94.99171
  94.99062
  94.98931
  94.98774
  94.98587
  94.98364
  94.98099
  94.97785
  94.97412
  94.96970
  94.96446
  94.95827
  94.95093
  94.94225
  94.93199
  94.91986
  94.90553
  94.88859
  94.86859
  94.84497
  94.81711
  94.78424
  94.74550
  94.69988
  94.64618
  94.58303
  94.50887
  94.42188
  94.31999
  94.20088
  94.06191
  93.90017
  93.71248
  93.49540
  93.24529
  92.95844
  92.63116
  92.25999
  91.84197
  91.37492
  90.85781
  90.29118
  89.67753
  89.02173
  88.33135
  87.61678
  86.89128
  86.17069
  85.47295
  84.81734
  84.22354
  83.71054
  83.29555
  82.99293
  82.81326
  82.76272
  82.84262
  83.04931
  83.37442
  83.80532
  84.32591
  84.91757
  85.56023
  86.23344
  86.91747
  87.59409
  88.24723
  88.86343
  89.43188
  89.94441
  90.39522
  90.78048
  91.09799
  91.34667
  91.52625
  91.63692
  91.67910
  91.65327
  91.55996
  91.39972
  91.17328
  90.88175
  90.52687
  90.11135
  89.63921
  89.11613
  88.54974
  87.94985
  87.32849
  86.69979
  86.07970
  85.48543
  84.93474
  84.44509
  84.03274
  83.71179
  83.49337
  83.38497
  83.38995
  83.50732
  83.73176
  84.05396
  84.46110
  84.93760
  85.46596
  86.02770
  86.60421
  87.17761
  87.73134
  88.25066
  88.72284
  89.13731
  89.48546
  89.76050
  89.95716
  90.07146
  90.10041
  90.04196
  89.89483
  89.65870
  89.33431
  88.92378
  88.43101
  87.86207
  87.22563
  86.53322
  85.79943
  85.04178
  84.28038
  83.53722
  82.83533
  82.19754
  81.64534
  81.19763
  80.86957
  80.67176
  80.60958
  80.68291
  80.88624
  81.20905
  81.63653
  82.15062
  82.73118
  83.35723
  84.00823
  84.66517
  85.31142
  85.93337
  86.52066
  87.06624
  87.56610
  88.01891
  88.42549
  88.78836
  89.11120
  89.39842
  89.65476
  89.88503
  90.09383
  90.28543
  90.46366
  90.63182
  90.79269
  90.94851
  91.10103
  91.25155
  91.40094
  91.54973
  91.69813
  91.84615
  91.99355
  92.14001
  92.28507
  92.42824
  92.56900
  92.70683
  92.84123
  92.97176
  93.09803
  93.21969
  93.33648
  93.44819
  93.55467
  93.65585
  93.75170
  93.84224
  93.92753
  94.00769
  94.08283
  94.15314
  94.21877
  94.27994
  94.33684
  94.38970
  94.43872
  94.48412
  94.52612
  94.56492
  94.60074
  94.63377
  94.66420
  94.69221
  94.71797
  94.74165
  94.76341
  94.78338
  94.80170
  94.81851
  94.83392
  94.84803
  94.86097
  94.87281
  94.88365
  94.89356
  94.90264
  94.91094
  94.91853
  94.92546
  94.93181
  94.93760
  94.94290
  94.94773
  94.95215
  94.95618
  94.95987
  94.96323
  94.96630
  94.96910
  94.97166
  94.97399
  94.97612
  94.97806
  94.97984
  94.98145
  94.98292
  94.98426
  94.98548
  94.98660
  94.98761
  94.98853
  94.98937
  94.99014
  94.99083
  94.99146
  94.99203
  94.99255
  94.99302
  94.99345
  94.99384
  94.99419
  94.99450
  94.99478
  94.99504
  94.99527
  94.99547
  94.99565
  94.99581
  94.99596
  94.99608
  94.99619
  94.99629
  94.99637
  94.99644
  94.99649
  94.99654
  94.99657
  94.99660
  94.99662
  94.99662
  94.99662
  94.99662
  94.99660
  94.99658
  94.99656
  94.99652
  94.99648
  94.99644
  94.99639
  94.99633
  94.99627
  94.99621
  94.99613
  94.99606
  94.99598
  94.99589
  94.99580
  94.99570
  94.99560
  94.99549
  94.99538
  94.99526
  94.99514
  94.99501
  94.99488
  94.99474
  94.99459
  94.99444
  94.99429
  94.99412
  94.99395
  94.99378
  94.99359
  94.99341
  94.99321
  94.99300
  94.99279
  94.99257
  94.99234
  94.99211
  94.99186
  94.99161
  94.99134
  94.99107
  94.99079
  94.99050
  94.99019
  94.98988
  94.98955
  94.98921
  94.98886
  94.98850
  94.98813
  94.98774
  94.98734
  94.98692
  94.98649
  94.98604
  94.98558
  94.98510
  94.98460
  94.98409
  94.98356
  94.98301
  94.98244
  94.98185
  94.98123
  94.98060
  94.97995
  94.97927
  94.97857
  94.97784
  94.97709
  94.97632
  94.97551
  94.97468
  94.97382
  94.97293
  94.97201
  94.97106
  94.97007
  94.96905
  94.96800
  94.96691
  94.96578
  94.96462
  94.96341
  94.96217
  94.96088
  94.95955
  94.95817
  94.95675
  94.95528
  94.95376
  94.95220
  94.95058
  94.94890
  94.94718
  94.94539
  94.94355
  94.94165
  94.93968
  94.93766
  94.93557
  94.93341
  94.93118
  94.92889
  94.92652
  94.92408
  94.92156
  94.91897
  94.91630
  94.91354
  94.91070
  94.90778
  94.90477
  94.90168
  94.89849
  94.89521
  94.89183
  94.88807
  94.88420
  94.88023
  94.87615
  94.87196
  94.86766
  94.86324
  94.85871
  94.85407
  94.84931
  94.84444
  94.83945
  94.83435
  94.82914
  94.82382
  94.81839
  94.81286
  94.80721
  94.80147
  94.79562
  94.78967
  94.78362
  94.77749
  94.77126
  94.76494
  94.75854
  94.75205
  94.74549
  94.73886
  94.73215
  94.72538
  94.71854
  94.71164
  94.70468
  94.69768
  94.69062
  94.68352
  94.67638
  94.66921
  94.66200
  94.65477
  94.64751
  94.64024
  94.63297
  94.62569
  94.61841
  94.61114
  94.60389
  94.59666
  94.58947
  94.58232
  94.57521
  94.56816
  94.56118
  94.55428
  94.54746
  94.54074
  94.53412
  94.52762
  94.52124
  94.51499
  94.50888
  94.50255
  94.49649
  94.49061
  94.48491
  94.47941
  94.47411
  94.46901
  94.46412
  94.45945
  94.45499
  94.45075
  94.44673
  94.44293
  94.43934
  94.43596
  94.43279
  94.42982
  94.42705
  94.42445
  94.42202
  94.41975
  94.41762
  94.41561
  94.41370
  94.41187
  94.41010
  94.40835
  94.40659
  94.40480
  94.40294
  94.40097
  94.39884
  94.39652
  94.39396
  94.39110
  94.38790
  94.38428
  94.38020
  94.37559
  94.37038
  94.36449
  94.35785
  94.35037
  94.34197
  94.33257
  94.32206
  94.31035
  94.29734
  94.28291
  94.26697
  94.24939
  94.23006
  94.20886
  94.18567
  94.16037
  94.13283
  94.10294
  94.07057
  94.03562
  93.99796
  93.95751
  93.91417
  93.86786
  93.81852
  93.76610
  93.71059
  93.65199
  93.59033
  93.52568
  93.45815
  93.38787
  93.31504
  93.23988
  93.16269
  93.08381
  93.00361
  92.92254
  92.84110
  92.75981
  92.67928
  92.60012
  92.52299
  92.44856
  92.37754
  92.31061
  92.24845
  92.19173
  92.14107
  92.09702
  92.06011
  92.03075
  92.00929
  91.99597
  91.99092
  91.99417
  92.00564
  92.02514
  92.05235
  92.08688
  92.12821
  92.17575
  92.22882
  92.28669
  92.34856
  92.41360
  92.48093
  92.54966
  92.61889
  92.68772
  92.75525
  92.82057
  92.88282
  92.94112
  92.99463
  93.04250
  93.08392
  93.11807
  93.14415
  93.16136
  93.16890
  93.16597
  93.15179
  93.12556
  93.08651
  93.03387
  92.96692
  92.88499
  92.78745
  92.67381
  92.54368
  92.39686
  92.23336
  92.05346
  91.85774
  91.64715
  91.42305
  91.18727
  90.94208
  90.69027
  90.43509
  90.17984
  89.92903
  89.68707
  89.45856
  89.24816
  89.06043
  88.89964
  88.76968
  88.67379
  88.61454
  88.59363
  88.61184
  88.66903
  88.76410
  88.89509
  89.05923
  89.25309
  89.47271
  89.71377
  89.97178
  90.24220
  90.52062
  90.80286
  91.08511
  91.36398
  91.63652
  91.90030
  92.15336
  92.39422
  92.62184
  92.83553
  93.03499
  93.22018
  93.39129
  93.54872
  93.69300
  93.82436
  93.94393
  94.05248
  94.15076
  94.23955
  94.31960
  94.39164
  94.45637
  94.51444
  94.56648
  94.61305
  94.65468
  94.69187
  94.72505
  94.75464
  94.78100
  94.80447
  94.82535
  94.84391
  94.86040
  94.87504
  94.88802
  94.89952
  94.90969
  94.91868
  94.92661
  94.93360
  94.93973
  94.94510
  94.94978
  94.95384
  94.95735
  94.96034
  94.96287
  94.96498
  94.96670
  94.96806
  94.96907
  94.96978
  94.97018
  94.97029
  94.97012
  94.96968
  94.96898
  94.96800
  94.96675
  94.96487
  94.96224
  94.95921
  94.95576
  94.95195
  94.94740
  94.94235
  94.93678
  94.93068
  94.92403
  94.91682
  94.90905
  94.90070
  94.89180
  94.88233
  94.87232
  94.86174
  94.85061
  94.83890
  94.82656
  94.81355
  94.79977
  94.78513
  94.76949
  94.75271
  94.73461
  94.71504
  94.69380
  94.67070
  94.64556
  94.61819
  94.58841
  94.55602
  94.52086
  94.48274
  94.44150
  94.39697
  94.34897
  94.29737
  94.24201
  94.18278
  94.11884
  94.05085
  93.97873
  93.90240
  93.82186
  93.73710
  93.64818
  93.55522
  93.45838
  93.35790
  93.25409
  93.14733
  93.03807
  92.92686
  92.81432
  92.70115
  92.58812
  92.47606
  92.36588
  92.25851
  92.15490
  92.05601
  91.96280
  91.87617
  91.79695
  91.72588
  91.66359
  91.61034
  91.56656
  91.53245
  91.50789
  91.49258
  91.48598
  91.48730
  91.49556
  91.50957
  91.52797
  91.54930
  91.57208
  91.59494
  91.61681
  91.63714
  91.65626
  91.67574
  91.69878
  91.73049
  91.77760
  91.84737
  91.94488
  92.06865
  92.20601
  92.33208
  92.41412
  92.43029
  92.37905
  92.28091
  92.16575
  92.05774
  91.96770
  91.89395
  91.82726
  91.75577
  91.66818
  91.55528
  91.41036
  91.22908
  91.00915
  90.75004
  90.45277
  90.11975
  89.75477
  89.36300
  88.95098
  88.52660
  88.09899
  87.67836
  87.27566
  86.90219
  86.56909
  86.28679
  86.06449
  85.90965
  85.82759
  85.82125
  85.89107
  86.03500
  86.24874
  86.52599
  86.85889
  87.23843
  87.65493
  88.09846
  88.55928
  89.02794
  89.49627
  89.95697
  90.40383
  90.83190
  91.23740
  91.61770
  91.97117
  92.29709
  92.59545
  92.86686
  93.11234
  93.33326
  93.53120
  93.70785
  93.86496
  94.00427
  94.12701
  94.23500
  94.33011
  94.41374
  94.48715
  94.55151
  94.60788
  94.65720
  94.70031
  94.73798
  94.77087
  94.79959
  94.82464
  94.84649
  94.86555
  94.88218
  94.89668
  94.90932
  94.92035
  94.92998
  94.93837
  94.94569
  94.95208
  94.95766
  94.96253
  94.96677
  94.97047
  94.97370
  94.97651
  94.97895
  94.98106
  94.98289
  94.98446
  94.98580
  94.98694
  94.98788
  94.98865
  94.98925
  94.98970
  94.99000
  94.99016
  94.99017
  94.99003
  94.98975
  94.98930
  94.98870
  94.98791
  94.98673
  94.98538
  94.98380
  94.98197
  94.97987
  94.97745
  94.97468
  94.97152
  94.96792
  94.96382
  94.95916
  94.95386
  94.94784
  94.94101
  94.93326
  94.92447
  94.91451
  94.90323
  94.89045
  94.87598
  94.85961
  94.84108
  94.81935
  94.79479
  94.76699
  94.73556
  94.70003
  94.65989
  94.61454
  94.56336
  94.50562
  94.44053
  94.36719
  94.28462
  94.19172
  94.08727
  93.96993
  93.83818
  93.69032
  93.52443
  93.33829
  93.12936
  92.89464
  92.63057
  92.33302
  91.99741
  91.61953
  91.19844
  90.74489
  90.30607
  90.03564
  90.38158
  92.46192
  97.65209
 101.37513
  96.19737
  90.79447
  88.45906
  87.69609
  87.50401
  87.49805
  87.55159
  87.62919
  87.72525
  87.84309
  87.98673
  88.15887
  88.36033
  88.59020
  88.84608
  89.12447
  89.42111
  89.73131
  90.05024
  90.37316
  90.69561
  91.01356
  91.32364
  91.62210
  91.90716
  92.17704
  92.43045
  92.66659
  92.88507
  93.08585
  93.26913
  93.43535
  93.58492
  93.71820
  93.83647
  93.94043
  94.03076
  94.10807
  94.17290
  94.22566
  94.26665
  94.29601
  94.31372
  94.31958
  94.31322
  94.29409
  94.26148
  94.21468
  94.15309
  94.07667
  93.98670
  93.88720
  93.78766
  93.70795
  93.68648
  93.79175
  94.12984
  94.81636
  95.83875
  96.79862
  96.96990
  96.12464
  94.87628
  93.85311
  93.25747
  93.08470
  93.37014
  94.28713
  96.02805
  98.17199
  99.05101
  97.74690
  95.78324
  94.45542
  93.84807
  93.67639
  93.71327
  93.83366
  93.97750
  94.11835
  94.24590
  94.35720
  94.45254
  94.53344
  94.60181
  94.65950
  94.70822
  94.74943
  94.78435
  94.81403
  94.83932
  94.86094
  94.87947
  94.89541
  94.90915
  94.92103
  94.93134
  94.94031
  94.94812
  94.95496
  94.96095
  94.96621
  94.97085
  94.97494
  94.97856
  94.98176
  94.98461
  94.98715
  94.98941
  94.99143
  94.99324
  94.99486
  94.99632
  94.99773
  94.99849
  94.99918
  94.99979
  95.00034
  95.00087
  95.00087
  95.00088
  95.00088
  95.00088
  95.00088
  95.00089
  95.00089
  95.00089
  95.00089
  95.00089
  95.00089
  95.00089
  95.00089
  95.00089
  95.00089
  95.00090
  95.00090
  95.00090
  95.00090
  95.00090
  95.00090
  95.00090
  95.00090
  95.00090
  95.00090
  95.00089
  95.00089
  95.00089
  95.00089
  95.00089
  95.00089
  95.00089
  95.00089
  95.00089
  95.00089
  95.00089
  95.00089
  95.00089
  95.00089
  95.00089
  95.00088
  95.00088
  95.00088
  95.00088
  95.00088
  95.00088
  95.00087
  95.00087
  95.00087
  95.00087
  95.00087
  95.00086
  95.00086
  95.00086
  95.00085
