   0.00000
   0.00000
   0.00000
   0.00000
   0.00000
   0.00000
   0.00000
   0.00000
   0.00000
   0.00000
   0.00000
   0.00000
   0.00000
   0.00000
   0.00000
   0.00000
   0.00000
   0.00000
   0.00000
   0.00000
   0.00000
   0.00000
   0.00000
   0.00000
   0.00000
   0.00000
   0.00000
   0.00000
   0.00000
   0.00000
   0.00000
   0.00000
   0.00000
   0.00000
   0.00000
   0.00000
   0.00000
   0.00000
   0.00000
   0.00000
   0.00000
   0.00000
   0.00000
   0.00000
   0.00000
   0.00000
   0.00000
   0.00000
   0.00000
   0.00000
   0.00000
   0.00000
   0.00000
   0.00000
   0.00000
   0.00000
   0.00000
   0.00000
   0.00000
   0.00000
   0.00000
   0.00000
   0.00000
   0.00000
   0.00000
   0.00000
   0.00000
   0.00000
   0.00000
   0.00000
   0.00000
  -0.00024
  -0.00070
  -0.00116
  -0.00161
  -0.00206
  -0.00249
  -0.00291
  -0.00331
  -0.00370
  -0.00406
  -0.00439
  -0.00470
  -0.00498
  -0.00522
  -0.00542
  -0.00559
  -0.00572
  -0.00581
  -0.00585
  -0.00586
  -0.00582
  -0.00575
  -0.00563
  -0.00548
  -0.00529
  -0.00507
  -0.00481
  -0.00453
  -0.00422
  -0.00389
  -0.00354
  -0.00317
  -0.00279
  -0.00240
  -0.00200
  -0.00160
  -0.00120
  -0.00080
  -0.00041
  -0.00002
   0.00000
   0.00000
   0.00000
   0.00000
   0.00000
   0.00000
   0.00000
   0.00000
   0.00000
   0.00000
   0.00000
   0.00000
   0.00000
   0.00000
   0.00000
   0.00000
   0.00000
   0.00000
   0.00000
   0.00000
   0.00000
   0.00000
   0.00000
   0.00000
   0.00000
   0.00000
   0.00000
   0.00000
   0.00000
   0.00000
   0.00000
   0.00000
   0.00000
   0.00000
   0.00000
   0.00000
   0.00000
   0.00000
   0.00000
   0.00000
   0.00000
   0.00000
   0.00000
   0.00000
   0.00000
   0.00000
   0.00000
   0.00000
   0.00000
   0.00000
   0.00000
   0.00000
   0.00000
   0.00000
   0.00000
   0.00000
   0.00000
   0.00000
   0.00000
   0.00000
   0.00000
   0.00000
   0.00000
   0.00000
   0.00000
   0.00000
   0.00000
   0.00000
   0.00000
   0.00000
   0.00000
   0.00000
   0.00000
   0.00000
   0.00000
   0.00000
   0.00000
   0.00000
   0.00000
   0.00000
   0.00000
   0.00000
   0.00000
   0.00000
   0.00000
   0.00000
   0.00000
   0.00000
   0.00000
   0.00000
   0.00000
   0.00000
   0.00000
   0.00000
   0.00000
   0.00000
   0.00000
   0.00000
   0.00000
   0.00000
   0.00000
   0.00000
   0.00000
   0.00000
   0.00000
   0.00000
   0.00000
   0.00000
   0.00000
   0.00000
   0.00000
   0.00000
   0.00000
   0.00000
   0.00000
   0.00000
   0.00000
   0.00000
   0.00000
   0.00000
   0.00000
   0.00000
   0.00000
   0.00000
   0.00000
   0.00000
   0.00000
   0.00000
   0.00000
   0.00000
   0.00000
   0.00000
   0.00000
   0.00000
   0.00000
   0.00000
   0.00000
   0.00000
   0.00000
   0.00000
   0.00000
   0.00000
   0.00000
   0.00000
   0.00000
   0.00000
   0.00000
   0.00000
   0.00000
   0.00000
   0.00000
   0.00000
   0.00000
   0.00000
   0.00000
   0.00000
   0.00000
   0.00000
   0.00000
   0.00000
   0.00000
   0.00000
   0.00000
   0.00000
   0.00000
   0.00000
   0.00000
   0.00000
   0.00000
   0.00000
   0.00000
   0.00000
   0.00000
   0.00000
   0.00000
   0.00000
   0.00000
   0.00000
   0.00000
   0.00000
   0.00000
   0.00000
   0.00000
   0.00000
   0.00000
   0.00000
  -0.00041
  -0.00140
  -0.00248
  -0.00365
  -0.00491
  -0.00627
  -0.00774
  -0.00933
  -0.01103
  -0.01286
  -0.01481
  -0.01690
  -0.01911
  -0.02145
  -0.02392
  -0.02651
  -0.02922
  -0.03204
  -0.03495
  -0.03793
  -0.04098
  -0.04406
  -0.04714
  -0.05021
  -0.05322
  -0.05615
  -0.05894
  -0.06158
  -0.06401
  -0.06621
  -0.06813
  -0.06974
  -0.07103
  -0.07196
  -0.07252
  -0.07270
  -0.07249
  -0.07190
  -0.07094
  -0.06963
  -0.06798
  -0.06604
  -0.06382
  -0.06137
  -0.05872
  -0.05592
  -0.05298
  -0.04997
  -0.04690
  -0.04381
  -0.04073
  -0.03769
  -0.03471
  -0.03181
  -0.02900
  -0.02630
  -0.02372
  -0.02126
  -0.01893
  -0.01672
  -0.01465
  -0.01271
  -0.01089
  -0.00920
  -0.00762
  -0.00616
  -0.00480
  -0.00355
  -0.00239
  -0.00132
  -0.00034
   0.00000
   0.00000
   0.00000
   0.00000
   0.00000
   0.00000
   0.00000
   0.00000
   0.00000
   0.00000
   0.00000
   0.00000
   0.00000
   0.00000
   0.00000
   0.00000
   0.00000
  -0.00009
  -0.00090
  -0.00174
  -0.00264
  -0.00358
  -0.00456
  -0.00559
  -0.00666
  -0.00778
  -0.00892
  -0.01010
  -0.01130
  -0.01253
  -0.01376
  -0.01499
  -0.01622
  -0.01743
  -0.01861
  -0.01974
  -0.02083
  -0.02184
  -0.02278
  -0.02362
  -0.02437
  -0.02500
  -0.02551
  -0.02589
  -0.02613
  -0.02623
  -0.02619
  -0.02601
  -0.02570
  -0.02524
  -0.02466
  -0.02396
  -0.02315
  -0.02224
  -0.02124
  -0.02016
  -0.01903
  -0.01784
  -0.01661
  -0.01536
  -0.01410
  -0.01284
  -0.01158
  -0.01033
  -0.00911
  -0.00793
  -0.00677
  -0.00566
  -0.00459
  -0.00356
  -0.00259
  -0.00166
  -0.00078
   0.00000
   0.00000
   0.00000
   0.00000
   0.00000
   0.00000
   0.00000
   0.00000
   0.00000
   0.00000
   0.00000
   0.00000
   0.00000
   0.00000
   0.00000
   0.00000
   0.00000
   0.00000
   0.00000
  -0.00052
  -0.00169
  -0.00299
  -0.00444
  -0.00606
  -0.00787
  -0.00989
  -0.01215
  -0.01468
  -0.01751
  -0.02068
  -0.02422
  -0.02819
  -0.03264
  -0.03762
  -0.04321
  -0.04945
  -0.05644
  -0.06425
  -0.07298
  -0.08270
  -0.09353
  -0.10557
  -0.11890
  -0.13364
  -0.14989
  -0.16772
  -0.18721
  -0.20841
  -0.23134
  -0.25599
  -0.28232
  -0.31020
  -0.33948
  -0.36993
  -0.40125
  -0.43308
  -0.46499
  -0.49648
  -0.52703
  -0.55605
  -0.58297
  -0.60722
  -0.62824
  -0.64555
  -0.65873
  -0.66745
  -0.67149
  -0.67076
  -0.66526
  -0.65515
  -0.64066
  -0.62217
  -0.60010
  -0.57497
  -0.54734
  -0.51779
  -0.48689
  -0.45522
  -0.42329
  -0.39157
  -0.36048
  -0.33036
  -0.30149
  -0.27407
  -0.24825
  -0.22412
  -0.20172
  -0.18105
  -0.16207
  -0.14474
  -0.12897
  -0.11467
  -0.10174
  -0.09009
  -0.07961
  -0.07020
  -0.06176
  -0.05421
  -0.04746
  -0.04143
  -0.03604
  -0.03122
  -0.02693
  -0.02309
  -0.01967
  -0.01661
  -0.01388
  -0.01143
  -0.00925
  -0.00730
  -0.00555
  -0.00398
  -0.00258
  -0.00132
  -0.00018
   0.00000
   0.00000
   0.00000
   0.00000
   0.00000
   0.00000
   0.00000
   0.00000
   0.00000
   0.00000
   0.00000
   0.00000
   0.00000
   0.00000
   0.00000
   0.00000
   0.00000
   0.00000
   0.00000
   0.00000
   0.00000
   0.00000
   0.00000
   0.00000
   0.00000
   0.00000
   0.00000
   0.00000
   0.00000
   0.00000
   0.00000
   0.00000
   0.00000
   0.00000
   0.00000
   0.00000
   0.00000
   0.00000
   0.00000
   0.00000
   0.00000
   0.00000
   0.00000
   0.00000
   0.00000
   0.00000
   0.00000
   0.00000
   0.00000
   0.00000
   0.00000
   0.00000
   0.00000
   0.00000
   0.00000
   0.00000
   0.00000
   0.00000
   0.00000
   0.00000
   0.00000
   0.00000
   0.00000
   0.00000
   0.00000
   0.00000
   0.00000
   0.00000
   0.00000
   0.00000
   0.00000
   0.00000
   0.00000
   0.00000
   0.00000
   0.00000
   0.00000
   0.00000
   0.00000
   0.00000
   0.00000
   0.00000
   0.00000
   0.00000
   0.00000
   0.00000
   0.00000
   0.00000
   0.00000
   0.00000
   0.00000
   0.00000
   0.00000
   0.00000
   0.00000
   0.00000
   0.00000
   0.00000
   0.00000
   0.00000
   0.00000
   0.00000
   0.00000
   0.00000
   0.00000
   0.00000
   0.00000
   0.00000
   0.00000
   0.00000
   0.00000
   0.00000
   0.00000
   0.00000
   0.00000
   0.00000
   0.00000
   0.00000
   0.00000
   0.00000
   0.00000
   0.00000
   0.00000
   0.00000
   0.00000
   0.00000
   0.00000
   0.00000
   0.00000
   0.00000
   0.00000
   0.00000
   0.00000
   0.00000
   0.00000
   0.00000
   0.00000
   0.00000
   0.00000
   0.00000
   0.00000
   0.00000
   0.00000
   0.00000
   0.00000
   0.00000
   0.00000
   0.00000
   0.00000
   0.00000
   0.00000
   0.00000
   0.00000
   0.00000
   0.00000
  -0.00148
  -0.00337
  -0.00560
  -0.00825
  -0.01141
  -0.01518
  -0.01971
  -0.02517
  -0.03180
  -0.03988
  -0.04977
  -0.06197
  -0.07707
  -0.09590
  -0.11952
  -0.14932
  -0.18717
  -0.23554
  -0.29771
  -0.37805
  -0.48226
  -0.61762
  -0.79286
  -1.01694
  -1.29466
  -1.61348
  -1.90616
  -1.94892
  -1.10301
   2.17234
  10.02815
  19.06553
  16.39777
   6.54004
   0.53027
  -1.59101
  -1.98902
  -1.80984
  -1.49320
  -1.18593
  -0.92796
  -0.72287
  -0.56346
  -0.44056
  -0.34593
  -0.27289
  -0.21627
  -0.17212
  -0.13749
  -0.11017
  -0.08846
  -0.07111
  -0.05716
  -0.04588
  -0.03671
  -0.02920
  -0.02304
  -0.01794
  -0.01371
  -0.01018
  -0.00722
  -0.00474
  -0.00264
  -0.00086
   0.00000
   0.00000
   0.00000
   0.00000
   0.00000
   0.00000
   0.00000
   0.00000
   0.00000
   0.00000
   0.00000
   0.00000
   0.00000
   0.00000
   0.00000
   0.00000
   0.00000
   0.00000
   0.00000
   0.00000
   0.00000
   0.00000
   0.00000
   0.00000
   0.00000
   0.00000
   0.00000
   0.00000
   0.00000
   0.00000
   0.00000
   0.00000
   0.00000
   0.00000
   0.00000
   0.00000
   0.00000
   0.00000
   0.00000
   0.00000
   0.00000
   0.00000
   0.00000
   0.00000
   0.00000
   0.00000
   0.00000
   0.00000
   0.00000
   0.00000
   0.00000
   0.00000
   0.00000
   0.00000
   0.00000
   0.00000
   0.00000
   0.00000
   0.00000
   0.00000
   0.00000
   0.00000
   0.00000
   0.00000
   0.00000
   0.00000
   0.00000
   0.00000
   0.00000
   0.00000
   0.00000
   0.00000
   0.00000
   0.00000
   0.00000
   0.00000
   0.00000
   0.00000
   0.00000
   0.00000
   0.00000
   0.00000
   0.00000
   0.00000
   0.00000
   0.00000
   0.00000
   0.00000
   0.00000
   0.00000
   0.00000
   0.00000
   0.00000
   0.00000
   0.00000
   0.00000
   0.00000
   0.00000
   0.00000
   0.00000
   0.00000
   0.00000
   0.00000
   0.00000
   0.00000
   0.00000
   0.00000
   0.00000
   0.00000
   0.00000
   0.00000
   0.00000
   0.00000
   0.00000
   0.00000
   0.00000
   0.00000
   0.00000
   0.00000
   0.00000
   0.00000
   0.00000
   0.00000
   0.00000
   0.00000
   0.00000
   0.00000
   0.00000
   0.00000
   0.00000
   0.00000
   0.00000
   0.00000
   0.00000
   0.00000
   0.00000
   0.00000
   0.00000
   0.00000
   0.00000
   0.00000
   0.00000
   0.00000
   0.00000
   0.00000
   0.00000
   0.00000
   0.00000
   0.00000
   0.00000
   0.00000
   0.00000
   0.00000
   0.00000
   0.00000
   0.00000
   0.00000
   0.00000
   0.00000
   0.00000
   0.00000
   0.00000
   0.00000
   0.00000
   0.00000
   0.00000
   0.00000
   0.00000
   0.00000
   0.00000
   0.00000
   0.00000
   0.00000
   0.00000
   0.00000
   0.00000
   0.00000
   0.00000
   0.00000
   0.00000
   0.00000
   0.00000
   0.00000
   0.00000
   0.00000
   0.00000
   0.00000
   0.00000
   0.00000
   0.00000
   0.00000
   0.00000
   0.00000
   0.00000
   0.00000
   0.00000
   0.00000
   0.00000
   0.00000
   0.00000
   0.00000
  -0.00034
  -0.00077
  -0.00118
  -0.00156
  -0.00191
  -0.00222
  -0.00248
  -0.00271
  -0.00288
  -0.00301
  -0.00308
  -0.00310
  -0.00307
  -0.00298
  -0.00284
  -0.00265
  -0.00241
  -0.00213
  -0.00181
  -0.00145
  -0.00107
  -0.00065
  -0.00022
   0.00000
   0.00000
   0.00000
   0.00000
   0.00000
   0.00000
   0.00000
   0.00000
   0.00000
   0.00000
   0.00000
   0.00000
   0.00000
   0.00000
   0.00000
   0.00000
  -0.00008
  -0.00081
  -0.00159
  -0.00240
  -0.00326
  -0.00416
  -0.00509
  -0.00607
  -0.00709
  -0.00814
  -0.00923
  -0.01035
  -0.01149
  -0.01265
  -0.01384
  -0.01503
  -0.01623
  -0.01742
  -0.01860
  -0.01976
  -0.02090
  -0.02199
  -0.02304
  -0.02402
  -0.02494
  -0.02578
  -0.02654
  -0.02720
  -0.02775
  -0.02820
  -0.02854
  -0.02875
  -0.02885
  -0.02882
  -0.02868
  -0.02841
  -0.02803
  -0.02753
  -0.02693
  -0.02623
  -0.02544
  -0.02456
  -0.02361
  -0.02281
  -0.02204
  -0.02122
  -0.02037
  -0.01950
  -0.01861
  -0.01772
  -0.01682
  -0.01593
  -0.01506
  -0.01420
  -0.01336
  -0.01255
  -0.01177
  -0.01101
  -0.01029
  -0.00961
  -0.00896
  -0.00834
  -0.00776
  -0.00721
  -0.00669
  -0.00644
  -0.00666
  -0.00687
  -0.00707
  -0.00726
  -0.00744
  -0.00761
  -0.00776
  -0.00790
  -0.00803
  -0.00814
  -0.00824
  -0.00832
  -0.00838
  -0.00844
  -0.00847
  -0.00849
  -0.00850
  -0.00849
  -0.00846
  -0.00842
  -0.00836
  -0.00829
  -0.00820
  -0.00810
  -0.00798
  -0.00785
  -0.00770
  -0.00754
  -0.00737
  -0.00719
  -0.00700
  -0.00679
  -0.00657
  -0.00635
  -0.00611
  -0.00587
  -0.00561
  -0.00535
  -0.00509
  -0.00481
  -0.00454
  -0.00425
  -0.00396
  -0.00367
  -0.00338
  -0.00308
  -0.00278
  -0.00249
  -0.00218
  -0.00188
  -0.00158
  -0.00129
  -0.00099
  -0.00069
  -0.00040
  -0.00010
   0.00000
   0.00000
   0.00000
   0.00000
   0.00000
   0.00000
   0.00000
   0.00000
   0.00000
   0.00000
   0.00000
   0.00000
   0.00000
   0.00000
   0.00000
   0.00000
   0.00000
   0.00000
   0.00000
   0.00000
   0.00000
   0.00000
   0.00000
   0.00000
   0.00000
   0.00000
   0.00000
   0.00000
   0.00000
   0.00000
   0.00000
   0.00000
   0.00000
   0.00000
   0.00000
   0.00000
   0.00000
   0.00000
   0.00000
   0.00000
   0.00000
   0.00000
   0.00000
   0.00000
   0.00000
   0.00000
   0.00000
   0.00000
   0.00000
   0.00000
   0.00000
   0.00000
   0.00000
   0.00000
   0.00000
   0.00000
   0.00000
   0.00000
   0.00000
   0.00000
   0.00000
   0.00000
   0.00000
   0.00000
   0.00000
   0.00000
   0.00000
   0.00000
   0.00000
   0.00000
   0.00000
   0.00000
   0.00000
   0.00000
   0.00000
   0.00000
   0.00000
   0.00000
   0.00000
   0.00000
   0.00000
   0.00000
   0.00000
   0.00000
   0.00000
   0.00000
   0.00000
   0.00000
   0.00000
   0.00000
   0.00000
   0.00000
   0.00000
   0.00000
   0.00000
   0.00000
   0.00000
   0.00000
   0.00000
   0.00000
   0.00000
   0.00000
   0.00000
   0.00000
   0.00000
   0.00000
   0.00000
   0.00000
   0.00000
   0.00000
   0.00000
   0.00000
   0.00000
   0.00000
   0.00000
   0.00000
   0.00000
   0.00000
   0.00000
   0.00000
   0.00000
   0.00000
   0.00000
   0.00000
   0.00000
   0.00000
   0.00000
   0.00000
   0.00000
   0.00000
   0.00000
   0.00000
   0.00000
   0.00000
   0.00000
   0.00000
   0.00000
   0.00000
   0.00000
   0.00000
   0.00000
   0.00000
   0.00000
   0.00000
   0.00000
   0.00000
   0.00000
   0.00000
   0.00000
   0.00000
   0.00000
   0.00000
   0.00000
   0.00000
   0.00000
   0.00000
   0.00000
   0.00000
   0.00000
   0.00000
   0.00000
   0.00000
   0.00000
   0.00000
   0.00000
   0.00000
   0.00000
   0.00000
   0.00000
   0.00000
   0.00000
   0.00000
   0.00000
   0.00000
   0.00000
   0.00000
   0.00000
   0.00000
   0.00000
   0.00000
   0.00000
   0.00000
   0.00000
   0.00000
   0.00000
   0.00000
   0.00000
   0.00000
   0.00000
   0.00000
   0.00000
   0.00000
   0.00000
   0.00000
   0.00000
   0.00000
   0.00000
   0.00000
   0.00000
   0.00000
   0.00000
   0.00000
   0.00000
   0.00000
   0.00000
   0.00000
   0.00000
   0.00000
   0.00000
   0.00000
   0.00000
   0.00000
   0.00000
   0.00000
   0.00000
   0.00000
   0.00000
   0.00000
   0.00000
   0.00000
   0.00000
   0.00000
   0.00000
   0.00000
   0.00000
   0.00000
   0.00000
   0.00000
   0.00000
   0.00000
   0.00000
   0.00000
   0.00000
   0.00000
   0.00000
   0.00000
   0.00000
   0.00000
   0.00000
   0.00000
   0.00000
   0.00000
   0.00000
   0.00000
   0.00000
   0.00000
   0.00000
   0.00000
   0.00000
   0.00000
   0.00000
   0.00000
   0.00000
   0.00000
   0.00000
   0.00000
   0.00000
   0.00000
   0.00000
   0.00000
   0.00000
   0.00000
   0.00000
   0.00000
   0.00000
   0.00000
   0.00000
   0.00000
   0.00000
   0.00000
   0.00000
   0.00000
   0.00000
   0.00000
   0.00000
   0.00000
   0.00000
   0.00000
   0.00000
   0.00000
   0.00000
   0.00000
   0.00000
   0.00000
   0.00000
   0.00000
   0.00000
   0.00000
   0.00000
   0.00000
   0.00000
   0.00000
   0.00000
   0.00000
   0.00000
   0.00000
   0.00000
   0.00000
   0.00000
   0.00000
   0.00000
   0.00000
   0.00000
   0.00000
   0.00000
   0.00000
   0.00000
   0.00000
   0.00000
   0.00000
   0.00000
   0.00000
   0.00000
   0.00000
   0.00000
   0.00000
   0.00000
   0.00000
   0.00000
   0.00000
   0.00000
   0.00000
   0.00000
   0.00000
   0.00000
   0.00000
   0.00000
   0.00000
   0.00000
   0.00000
   0.00000
   0.00000
   0.00000
   0.00000
   0.00000
   0.00000
   0.00000
   0.00000
   0.00000
   0.00000
   0.00000
   0.00000
   0.00000
   0.00000
   0.00000
   0.00000
   0.00000
   0.00000
   0.00000
   0.00000
   0.00000
   0.00000
   0.00000
   0.00000
   0.00000
   0.00000
   0.00000
   0.00000
   0.00000
   0.00000
   0.00000
   0.00000
   0.00000
   0.00000
   0.00000
   0.00000
   0.00000
   0.00000
   0.00000
   0.00000
   0.00000
   0.00000
   0.00000
   0.00000
   0.00000
   0.00000
   0.00000
   0.00000
   0.00000
   0.00000
   0.00000
   0.00000
   0.00000
   0.00000
   0.00000
   0.00000
   0.00000
   0.00000
   0.00000
   0.00000
   0.00000
   0.00000
   0.00000
   0.00000
   0.00000
   0.00000
   0.00000
   0.00000
   0.00000
   0.00000
   0.00000
   0.00000
   0.00000
   0.00000
   0.00000
   0.00000
   0.00000
   0.00000
   0.00000
   0.00000
   0.00000
   0.00000
   0.00000
   0.00000
   0.00000
   0.00000
   0.00000
   0.00000
   0.00000
   0.00000
   0.00000
   0.00000
   0.00000
   0.00000
   0.00000
   0.00000
   0.00000
   0.00000
   0.00000
   0.00000
   0.00000
   0.00000
   0.00000
   0.00000
   0.00000
   0.00000
   0.00000
   0.00000
   0.00000
   0.00000
   0.00000
   0.00000
   0.00000
   0.00000
   0.00000
   0.00000
   0.00000
   0.00000
   0.00000
  -0.00013
  -0.00038
  -0.00063
  -0.00088
  -0.00113
  -0.00139
  -0.00164
  -0.00190
  -0.00216
  -0.00242
  -0.00267
  -0.00293
  -0.00319
  -0.00345
  -0.00371
  -0.00397
  -0.00422
  -0.00448
  -0.00473
  -0.00498
  -0.00523
  -0.00548
  -0.00572
  -0.00597
  -0.00620
  -0.00644
  -0.00667
  -0.00690
  -0.00713
  -0.00735
  -0.00756
  -0.00777
  -0.00798
  -0.00819
  -0.00838
  -0.00858
  -0.00876
  -0.00895
  -0.00912
  -0.00929
  -0.00946
  -0.00962
  -0.00978
  -0.00992
  -0.01007
  -0.01020
  -0.01033
  -0.01046
  -0.01057
  -0.01069
  -0.01079
  -0.01089
  -0.01098
  -0.01106
  -0.01113
  -0.01120
  -0.01126
  -0.01131
  -0.01135
  -0.01138
  -0.01140
  -0.01141
  -0.01141
  -0.01140
  -0.01138
  -0.01134
  -0.01129
  -0.01122
  -0.01115
  -0.01105
  -0.01094
  -0.01081
  -0.01066
  -0.01050
  -0.01031
  -0.01011
  -0.00989
  -0.00965
  -0.00938
  -0.00910
  -0.00880
  -0.00848
  -0.00814
  -0.00778
  -0.00740
  -0.00700
  -0.00659
  -0.00616
  -0.00572
  -0.00527
  -0.00481
  -0.00434
  -0.00386
  -0.00338
  -0.00289
  -0.00240
  -0.00191
  -0.00142
  -0.00094
  -0.00046
   0.00000
   0.00000
   0.00000
   0.00000
   0.00000
   0.00000
   0.00000
   0.00000
   0.00000
   0.00000
   0.00000
   0.00000
   0.00000
   0.00000
   0.00000
   0.00000
   0.00000
   0.00000
   0.00000
   0.00000
   0.00000
   0.00000
   0.00000
   0.00000
   0.00000
   0.00000
   0.00000
   0.00000
   0.00000
   0.00000
   0.00000
   0.00000
   0.00000
   0.00000
   0.00000
   0.00000
   0.00000
   0.00000
   0.00000
   0.00000
   0.00000
   0.00000
   0.00000
   0.00000
   0.00000
   0.00000
   0.00000
   0.00000
   0.00000
   0.00000
   0.00000
   0.00000
   0.00000
   0.00000
   0.00000
   0.00000
   0.00000
   0.00000
   0.00000
   0.00000
   0.00000
   0.00000
   0.00000
   0.00000
   0.00000
   0.00000
   0.00000
   0.00000
   0.00000
   0.00000
   0.00000
   0.00000
   0.00000
   0.00000
   0.00000
   0.00000
   0.00000
   0.00000
   0.00000
   0.00000
   0.00000
   0.00000
   0.00000
   0.00000
   0.00000
   0.00000
   0.00000
   0.00000
   0.00000
   0.00000
   0.00000
   0.00000
   0.00000
   0.00000
   0.00000
   0.00000
   0.00000
   0.00000
   0.00000
   0.00000
   0.00000
   0.00000
   0.00000
  -0.00094
  -0.00202
  -0.00321
  -0.00451
  -0.00593
  -0.00749
  -0.00919
  -0.01104
  -0.01307
  -0.01528
  -0.01768
  -0.02029
  -0.02312
  -0.02619
  -0.02950
  -0.03307
  -0.03690
  -0.04101
  -0.04539
  -0.05005
  -0.05499
  -0.06019
  -0.06565
  -0.07134
  -0.07723
  -0.08329
  -0.08947
  -0.09573
  -0.10201
  -0.10823
  -0.11433
  -0.12023
  -0.12584
  -0.13109
  -0.13588
  -0.14014
  -0.14379
  -0.14677
  -0.14902
  -0.15050
  -0.15118
  -0.15104
  -0.15009
  -0.14835
  -0.14584
  -0.14263
  -0.13876
  -0.13431
  -0.12936
  -0.12398
  -0.11826
  -0.11228
  -0.10613
  -0.09988
  -0.09361
  -0.08737
  -0.08122
  -0.07521
  -0.06938
  -0.06377
  -0.05840
  -0.05329
  -0.04844
  -0.04387
  -0.03958
  -0.03557
  -0.03183
  -0.02835
  -0.02512
  -0.02213
  -0.01938
  -0.01684
  -0.01451
  -0.01236
  -0.01040
  -0.00859
  -0.00694
  -0.00543
  -0.00405
  -0.00279
  -0.00164
  -0.00059
   0.00000
   0.00000
   0.00000
   0.00000
   0.00000
   0.00000
   0.00000
   0.00000
   0.00000
   0.00000
   0.00000
   0.00000
   0.00000
   0.00000
   0.00000
   0.00000
   0.00000
   0.00000
   0.00000
   0.00000
   0.00000
   0.00000
   0.00000
   0.00000
   0.00000
   0.00000
   0.00000
   0.00000
   0.00000
   0.00000
   0.00000
   0.00000
   0.00000
   0.00000
   0.00000
   0.00000
   0.00000
   0.00000
   0.00000
   0.00000
   0.00000
   0.00000
   0.00000
   0.00000
   0.00000
   0.00000
   0.00000
   0.00000
   0.00000
   0.00000
   0.00000
   0.00000
   0.00000
   0.00000
   0.00000
   0.00000
   0.00000
   0.00000
   0.00000
   0.00000
   0.00000
   0.00000
   0.00000
   0.00000
   0.00000
   0.00000
   0.00000
   0.00000
   0.00000
   0.00000
   0.00000
   0.00000
   0.00000
   0.00000
  -0.00056
  -0.00130
  -0.00206
  -0.00284
  -0.00363
  -0.00443
  -0.00523
  -0.00602
  -0.00680
  -0.00756
  -0.00830
  -0.00899
  -0.00965
  -0.01025
  -0.01079
  -0.01127
  -0.01168
  -0.01201
  -0.01225
  -0.01242
  -0.01250
  -0.01249
  -0.01239
  -0.01222
  -0.01196
  -0.01163
  -0.01123
  -0.01076
  -0.01024
  -0.00966
  -0.00905
  -0.00839
  -0.00771
  -0.00701
  -0.00629
  -0.00557
  -0.00484
  -0.00412
  -0.00340
  -0.00269
  -0.00200
  -0.00133
  -0.00067
  -0.00004
   0.00000
   0.00000
   0.00000
   0.00000
   0.00000
  -0.00049
  -0.00238
  -0.00460
  -0.00720
  -0.01024
  -0.01378
  -0.01789
  -0.02263
  -0.02808
  -0.03429
  -0.04130
  -0.04913
  -0.05776
  -0.06713
  -0.07711
  -0.08751
  -0.09805
  -0.10841
  -0.11818
  -0.12694
  -0.13425
  -0.13971
  -0.14303
  -0.14399
  -0.14253
  -0.13876
  -0.13289
  -0.12525
  -0.11625
  -0.10632
  -0.09589
  -0.08535
  -0.07502
  -0.06515
  -0.05593
  -0.04746
  -0.03979
  -0.03295
  -0.02690
  -0.02160
  -0.01700
  -0.01301
  -0.00958
  -0.00664
  -0.00412
  -0.00197
  -0.00013
   0.00000
   0.00000
   0.00000
   0.00000
   0.00000
   0.00000
   0.00000
   0.00000
   0.00000
   0.00000
   0.00000
   0.00000
   0.00000
   0.00000
   0.00000
   0.00000
   0.00000
   0.00000
   0.00000
   0.00000
   0.00000
   0.00000
   0.00000
   0.00000
   0.00000
   0.00000
   0.00000
   0.00000
   0.00000
   0.00000
   0.00000
   0.00000
   0.00000
   0.00000
   0.00000
   0.00000
   0.00000
   0.00000
   0.00000
   0.00000
   0.00000
   0.00000
   0.00000
   0.00000
   0.00000
   0.00000
   0.00000
   0.00000
   0.00000
   0.00000
   0.00000
   0.00000
   0.00000
   0.00000
   0.00000
   0.00000
   0.00000
   0.00000
   0.00000
   0.00000
   0.00000
   0.00000
   0.00000
   0.00000
   0.00000
   0.00000
   0.00000
   0.00000
   0.00000
   0.00000
   0.00000
   0.00000
   0.00000
   0.00000
   0.00000
   0.00000
   0.00000
   0.00000
   0.00000
   0.00000
   0.00000
   0.00000
   0.00000
   0.00000
   0.00000
   0.00000
   0.00000
   0.00000
   0.00000
   0.00000
   0.00000
   0.00000
   0.00000
   0.00000
   0.00000
   0.00000
   0.00000
   0.00000
   0.00000
   0.00000
   0.00000
   0.00000
   0.00000
   0.00000
   0.00000
   0.00000
   0.00000
   0.00000
   0.00000
   0.00000
   0.00000
   0.00000
   0.00000
   0.00000
   0.00000
   0.00000
   0.00000
   0.00000
   0.00000
   0.00000
   0.00000
   0.00000
   0.00000
   0.00000
   0.00000
   0.00000
   0.00000
   0.00000
   0.00000
   0.00000
   0.00000
   0.00000
   0.00000
   0.00000
   0.00000
   0.00000
   0.00000
   0.00000
   0.00000
   0.00000
   0.00000
   0.00000
   0.00000
   0.00000
   0.00000
   0.00000
   0.00000
   0.00000
   0.00000
   0.00000
   0.00000
   0.00000
   0.00000
   0.00000
   0.00000
   0.00000
   0.00000
   0.00000
   0.00000
   0.00000
   0.00000
   0.00000
   0.00000
   0.00000
   0.00000
   0.00000
   0.00000
   0.00000
   0.00000
   0.00000
   0.00000
   0.00000
   0.00000
   0.00000
   0.00000
   0.00000
   0.00000
   0.00000
   0.00000
   0.00000
   0.00000
   0.00000
   0.00000
   0.00000
   0.00000
   0.00000
   0.00000
   0.00000
   0.00000
   0.00000
   0.00000
   0.00000
   0.00000
   0.00000
   0.00000
   0.00000
   0.00000
   0.00000
   0.00000
   0.00000
   0.00000
   0.00000
   0.00000
   0.00000
   0.00000
   0.00000
   0.00000
   0.00000
   0.00000
   0.00000
   0.00000
   0.00000
   0.00000
   0.00000
   0.00000
   0.00000
   0.00000
   0.00000
   0.00000
   0.00000
   0.00000
   0.00000
   0.00000
   0.00000
   0.00000
   0.00000
   0.00000
   0.00000
   0.00000
   0.00000
   0.00000
   0.00000
   0.00000
   0.00000
   0.00000
   0.00000
   0.00000
   0.00000
   0.00000
   0.00000
   0.00000
   0.00000
   0.00000
   0.00000
   0.00000
   0.00000
   0.00000
   0.00000
   0.00000
   0.00000
   0.00000
   0.00000
   0.00000
   0.00000
   0.00000
   0.00000
   0.00000
   0.00000
   0.00000
   0.00000
   0.00000
   0.00000
   0.00000
   0.00000
   0.00000
   0.00000
   0.00000
   0.00000
   0.00000
   0.00000
   0.00000
   0.00000
   0.00000
   0.00000
   0.00000
   0.00000
   0.00000
   0.00000
   0.00000
   0.00000
   0.00000
   0.00000
   0.00000
   0.00000
   0.00000
   0.00000
   0.00000
   0.00000
   0.00000
   0.00000
   0.00000
   0.00000
   0.00000
   0.00000
  -0.00070
  -0.00215
  -0.00378
  -0.00563
  -0.00772
  -0.01009
  -0.01276
  -0.01577
  -0.01916
  -0.02297
  -0.02840
  -0.03546
  -0.04358
  -0.05292
  -0.06368
  -0.07611
  -0.09049
  -0.10721
  -0.12673
  -0.14964
  -0.17674
  -0.20907
  -0.24802
  -0.29547
  -0.35392
  -0.42674
  -0.51833
  -0.63430
  -0.78139
  -0.96764
  -1.19885
  -1.47427
  -1.77744
  -2.05595
  -2.18864
  -1.94779
  -1.01601
   0.76829
   2.80851
   3.59865
   2.37766
   0.29281
  -1.29077
  -2.02026
  -2.13912
  -1.95314
  -1.66212
  -1.36705
  -1.10917
  -0.89957
  -0.73612
  -0.61199
  -0.51952
  -0.45172
  -0.40274
  -0.36787
  -0.34339
  -0.32636
  -0.31448
  -0.30592
  -0.29924
  -0.29334
  -0.28736
  -0.28068
  -0.27289
  -0.26454
  -0.25504
  -0.24401
  -0.23161
  -0.21920
  -0.20627
  -0.19251
  -0.17828
  -0.16388
  -0.14959
  -0.13566
  -0.12226
  -0.10955
  -0.09762
  -0.08653
  -0.07631
  -0.06697
  -0.05848
  -0.05080
  -0.04390
  -0.03772
  -0.03220
  -0.02729
  -0.02293
  -0.01907
  -0.01565
  -0.01262
  -0.00995
  -0.00760
  -0.00552
  -0.00369
  -0.00207
  -0.00064
   0.00000
   0.00000
   0.00000
   0.00000
   0.00000
   0.00000
   0.00000
  -0.00036
  -0.00188
  -0.00364
  -0.00568
  -0.00805
  -0.01083
  -0.01408
  -0.01790
  -0.02239
  -0.02771
  -0.03403
  -0.04154
  -0.05052
  -0.06128
  -0.07423
  -0.08987
  -0.10883
  -0.13188
  -0.16002
  -0.19446
  -0.23675
  -0.28879
  -0.35295
  -0.43209
  -0.52963
  -0.64947
  -0.79572
  -0.97203
  -1.18001
  -1.41593
  -1.66414
  -1.88435
  -1.98904
  -1.80964
  -1.07088
   0.53243
   2.93935
   5.05389
   5.17086
   3.17852
   0.73264
  -0.96036
  -1.76896
  -1.98773
  -1.90106
  -1.68703
  -1.43921
  -1.20119
  -0.99030
  -0.81101
  -0.66207
  -0.53992
  -0.44045
  -0.35972
  -0.29429
  -0.24121
  -0.19809
  -0.16298
  -0.13430
  -0.11082
  -0.09151
  -0.07559
  -0.06240
  -0.05145
  -0.04232
  -0.03468
  -0.02826
  -0.02286
  -0.01829
  -0.01441
  -0.01111
  -0.00830
  -0.00589
  -0.00382
  -0.00203
  -0.00049
   0.00000
   0.00000
   0.00000
   0.00000
   0.00000
   0.00000
   0.00000
   0.00000
   0.00000
   0.00000
   0.00000
   0.00000
   0.00000
   0.00000
   0.00000
   0.00000
   0.00000
   0.00000
   0.00000
   0.00000
   0.00000
   0.00000
   0.00000
   0.00000
   0.00000
   0.00000
   0.00000
   0.00000
   0.00000
   0.00000
   0.00000
   0.00000
   0.00000
   0.00000
   0.00000
   0.00000
   0.00000
   0.00000
   0.00000
   0.00000
   0.00000
   0.00000
   0.00000
   0.00000
   0.00000
   0.00000
   0.00000
   0.00000
   0.00000
   0.00000
   0.00000
   0.00000
   0.00000
   0.00000
   0.00000
   0.00000
   0.00000
   0.00000
   0.00000
   0.00000
   0.00000
   0.00000
   0.00000
   0.00000
   0.00000
   0.00000
   0.00000
   0.00000
   0.00000
   0.00000
   0.00000
   0.00000
   0.00000
   0.00000
   0.00000
   0.00000
   0.00000
   0.00000
   0.00000
   0.00000
   0.00000
   0.00000
   0.00000
   0.00000
   0.00000
   0.00000
   0.00000
   0.00000
   0.00000
   0.00000
   0.00000
   0.00000
   0.00000
   0.00000
   0.00000
   0.00000
   0.00000
   0.00000
   0.00000
   0.00000
   0.00000
   0.00000
   0.00000
   0.00000
   0.00000
   0.00000
   0.00000
   0.00000
   0.00000
   0.00000
   0.00000
   0.00000
   0.00000
   0.00000
   0.00000
   0.00000
   0.00000
   0.00000
   0.00000
   0.00000
   0.00000
   0.00000
   0.00000
   0.00000
   0.00000
   0.00000
   0.00000
   0.00000
   0.00000
   0.00000
   0.00000
   0.00000
   0.00000
   0.00000
   0.00000
   0.00000
   0.00000
   0.00000
   0.00000
   0.00000
   0.00000
   0.00000
   0.00000
   0.00000
   0.00000
   0.00000
   0.00000
   0.00000
   0.00000
   0.00000
   0.00000
   0.00000
   0.00000
   0.00000
   0.00000
   0.00000
   0.00000
   0.00000
   0.00000
   0.00000
   0.00000
   0.00000
   0.00000
   0.00000
   0.00000
   0.00000
   0.00000
   0.00000
   0.00000
   0.00000
   0.00000
   0.00000
   0.00000
   0.00000
   0.00000
   0.00000
   0.00000
   0.00000
   0.00000
   0.00000
   0.00000
   0.00000
   0.00000
   0.00000
   0.00000
   0.00000
   0.00000
   0.00000
   0.00000
   0.00000
   0.00000
   0.00000
   0.00000
   0.00000
   0.00000
   0.00000
   0.00000
   0.00000
   0.00000
   0.00000
   0.00000
   0.00000
   0.00000
   0.00000
   0.00000
   0.00000
   0.00000
   0.00000
   0.00000
   0.00000
   0.00000
   0.00000
   0.00000
   0.00000
   0.00000
   0.00000
   0.00000
   0.00000
   0.00000
   0.00000
   0.00000
   0.00000
   0.00000
   0.00000
   0.00000
   0.00000
   0.00000
   0.00000
   0.00000
   0.00000
   0.00000
   0.00000
   0.00000
   0.00000
   0.00000
   0.00000
   0.00000
   0.00000
   0.00000
   0.00000
   0.00000
   0.00000
   0.00000
   0.00000
   0.00000
   0.00000
   0.00000
   0.00000
   0.00000
   0.00000
   0.00000
   0.00000
   0.00000
   0.00000
   0.00000
   0.00000
   0.00000
   0.00000
   0.00000
   0.00000
   0.00000
   0.00000
   0.00000
   0.00000
   0.00000
   0.00000
   0.00000
   0.00000
   0.00000
   0.00000
   0.00000
   0.00000
   0.00000
   0.00000
   0.00000
   0.00000
   0.00000
   0.00000
   0.00000
   0.00000
   0.00000
   0.00000
   0.00000
   0.00000
   0.00000
   0.00000
   0.00000
   0.00000
   0.00000
   0.00000
   0.00000
   0.00000
   0.00000
   0.00000
   0.00000
   0.00000
   0.00000
   0.00000
   0.00000
   0.00000
   0.00000
   0.00000
   0.00000
   0.00000
   0.00000
   0.00000
   0.00000
   0.00000
   0.00000
   0.00000
   0.00000
   0.00000
   0.00000
   0.00000
   0.00000
   0.00000
   0.00000
   0.00000
   0.00000
   0.00000
   0.00000
   0.00000
   0.00000
   0.00000
   0.00000
   0.00000
   0.00000
   0.00000
   0.00000
   0.00000
   0.00000
   0.00000
   0.00000
   0.00000
   0.00000
   0.00000
   0.00000
   0.00000
   0.00000
   0.00000
   0.00000
   0.00000
   0.00000
   0.00000
   0.00000
   0.00000
   0.00000
   0.00000
   0.00000
   0.00000
   0.00000
   0.00000
   0.00000
   0.00000
   0.00000
   0.00000
   0.00000
   0.00000
   0.00000
   0.00000
   0.00000
   0.00000
   0.00000
   0.00000
   0.00000
   0.00000
   0.00000
   0.00000
   0.00000
   0.00000
   0.00000
   0.00000
   0.00000
   0.00000
   0.00000
   0.00000
   0.00000
   0.00000
   0.00000
   0.00000
   0.00000
   0.00000
   0.00000
   0.00000
   0.00000
   0.00000
   0.00000
   0.00000
   0.00000
   0.00000
   0.00000
   0.00000
   0.00000
   0.00000
   0.00000
   0.00000
   0.00000
   0.00000
   0.00000
   0.00000
   0.00000
   0.00000
   0.00000
   0.00000
   0.00000
   0.00000
   0.00000
   0.00000
   0.00000
   0.00000
   0.00000
   0.00000
   0.00000
   0.00000
   0.00000
   0.00000
   0.00000
   0.00000
   0.00000
   0.00000
   0.00000
   0.00000
   0.00000
   0.00000
   0.00000
   0.00000
   0.00000
   0.00000
  -0.00085
  -0.00264
  -0.00475
  -0.00724
  -0.01020
  -0.01372
  -0.01793
  -0.02299
  -0.02908
  -0.03645
  -0.04540
  -0.05633
  -0.06972
  -0.08620
  -0.10657
  -0.13185
  -0.16336
  -0.20276
  -0.25220
  -0.31437
  -0.39266
  -0.49118
  -0.61476
  -0.76864
  -0.95759
  -1.18372
  -1.44182
  -1.70959
  -1.92872
  -1.97164
  -1.59697
  -0.44371
   1.74619
   4.41502
   5.71333
   4.37627
   1.70307
  -0.47080
  -1.60829
  -1.97346
  -1.92607
  -1.70536
  -1.43742
  -1.17973
  -0.95419
  -0.76585
  -0.61251
  -0.48938
  -0.39123
  -0.31324
  -0.25130
  -0.20204
  -0.16278
  -0.13139
  -0.10620
  -0.08590
  -0.06948
  -0.05613
  -0.04593
  -0.03820
  -0.03219
  -0.02763
  -0.02428
  -0.02199
  -0.02064
  -0.02013
  -0.02042
  -0.02147
  -0.02329
  -0.02658
  -0.03129
  -0.03670
  -0.04293
  -0.05012
  -0.05845
  -0.06813
  -0.07939
  -0.09256
  -0.10798
  -0.12612
  -0.14752
  -0.17284
  -0.20291
  -0.23874
  -0.28156
  -0.33290
  -0.39462
  -0.46899
  -0.55872
  -0.66699
  -0.79735
  -0.95337
  -1.13777
  -1.35040
  -1.58360
  -1.81225
  -1.97239
  -1.91789
  -1.34442
   0.28535
   3.54748
   7.87606
  10.06270
   7.64693
   3.31735
   0.15286
  -1.39912
  -1.93103
  -1.96711
  -1.80023
  -1.57011
  -1.33764
  -1.12652
  -0.94377
  -0.78929
  -0.66029
  -0.55316
  -0.46438
  -0.39080
  -0.32972
  -0.27891
  -0.23653
  -0.20106
  -0.17128
  -0.14620
  -0.12501
  -0.10704
  -0.09175
  -0.07871
  -0.06754
  -0.05795
  -0.04968
  -0.04255
  -0.03637
  -0.03100
  -0.02633
  -0.02225
  -0.01868
  -0.01554
  -0.01279
  -0.01036
  -0.00822
  -0.00632
  -0.00464
  -0.00314
  -0.00181
  -0.00062
   0.00000
   0.00000
   0.00000
   0.00000
   0.00000
   0.00000
   0.00000
   0.00000
   0.00000
   0.00000
   0.00000
   0.00000
   0.00000
   0.00000
   0.00000
   0.00000
   0.00000
   0.00000
   0.00000
   0.00000
   0.00000
   0.00000
   0.00000
   0.00000
   0.00000
   0.00000
   0.00000
   0.00000
   0.00000
   0.00000
   0.00000
   0.00000
   0.00000
   0.00000
   0.00000
   0.00000
   0.00000
   0.00000
   0.00000
   0.00000
   0.00000
   0.00000
   0.00000
   0.00000
   0.00000
   0.00000
   0.00000
   0.00000
   0.00000
   0.00000
   0.00000
   0.00000
   0.00000
   0.00000
   0.00000
   0.00000
   0.00000
   0.00000
   0.00000
   0.00000
   0.00000
   0.00000
   0.00000
   0.00000
   0.00000
   0.00000
   0.00000
   0.00000
   0.00000
   0.00000
   0.00000
   0.00000
   0.00000
   0.00000
   0.00000
   0.00000
   0.00000
   0.00000
   0.00000
   0.00000
   0.00000
   0.00000
   0.00000
   0.00000
   0.00000
   0.00000
   0.00000
   0.00000
   0.00000
   0.00000
   0.00000
   0.00000
   0.00000
   0.00000
   0.00000
   0.00000
   0.00000
   0.00000
   0.00000
   0.00000
   0.00000
   0.00000
   0.00000
   0.00000
   0.00000
   0.00000
   0.00000
   0.00000
   0.00000
   0.00000
   0.00000
   0.00000
   0.00000
   0.00000
   0.00000
   0.00000
   0.00000
   0.00000
   0.00000
   0.00000
   0.00000
   0.00000
   0.00000
   0.00000
   0.00000
   0.00000
   0.00000
   0.00000
   0.00000
   0.00000
   0.00000
   0.00000
   0.00000
   0.00000
   0.00000
   0.00000
   0.00000
   0.00000
   0.00000
   0.00000
   0.00000
   0.00000
   0.00000
  -0.00126
  -0.00272
  -0.00438
  -0.00628
  -0.00846
  -0.01096
  -0.01385
  -0.01720
  -0.02108
  -0.02560
  -0.03088
  -0.03706
  -0.04433
  -0.05292
  -0.06308
  -0.07517
  -0.08961
  -0.10692
  -0.12777
  -0.15300
  -0.18364
  -0.22105
  -0.26691
  -0.32336
  -0.39313
  -0.47962
  -0.58702
  -0.72031
  -0.88497
  -1.08596
  -1.32480
  -1.59231
  -1.85046
  -1.98898
  -1.72585
  -0.41581
   3.09448
   9.41824
  14.55743
  11.87544
   5.14576
   0.54596
  -1.41742
  -1.96286
  -1.92491
  -1.69173
  -1.42075
  -1.16935
  -0.95431
  -0.77681
  -0.63265
  -0.51636
  -0.42273
  -0.34726
  -0.28627
  -0.23680
  -0.19651
  -0.16355
  -0.13647
  -0.11413
  -0.09560
  -0.08017
  -0.06728
  -0.05645
  -0.04732
  -0.03959
  -0.03303
  -0.02744
  -0.02266
  -0.01856
  -0.01503
  -0.01198
  -0.00934
  -0.00704
  -0.00504
  -0.00330
  -0.00177
  -0.00043
   0.00000
   0.00000
   0.00000
   0.00000
   0.00000
   0.00000
   0.00000
   0.00000
   0.00000
   0.00000
   0.00000
   0.00000
   0.00000
   0.00000
   0.00000
   0.00000
   0.00000
   0.00000
   0.00000
   0.00000
   0.00000
   0.00000
   0.00000
   0.00000
   0.00000
   0.00000
   0.00000
   0.00000
   0.00000
   0.00000
   0.00000
   0.00000
   0.00000
   0.00000
   0.00000
   0.00000
   0.00000
   0.00000
   0.00000
   0.00000
   0.00000
   0.00000
   0.00000
   0.00000
   0.00000
   0.00000
   0.00000
   0.00000
   0.00000
   0.00000
   0.00000
   0.00000
   0.00000
   0.00000
   0.00000
   0.00000
   0.00000
   0.00000
   0.00000
   0.00000
   0.00000
   0.00000
   0.00000
   0.00000
   0.00000
   0.00000
   0.00000
   0.00000
   0.00000
   0.00000
   0.00000
   0.00000
   0.00000
   0.00000
   0.00000
   0.00000
   0.00000
   0.00000
   0.00000
   0.00000
   0.00000
   0.00000
   0.00000
   0.00000
   0.00000
   0.00000
   0.00000
   0.00000
   0.00000
   0.00000
   0.00000
   0.00000
   0.00000
   0.00000
   0.00000
   0.00000
   0.00000
   0.00000
   0.00000
   0.00000
   0.00000
   0.00000
   0.00000
   0.00000
   0.00000
   0.00000
   0.00000
   0.00000
   0.00000
   0.00000
   0.00000
   0.00000
   0.00000
   0.00000
   0.00000
   0.00000
   0.00000
   0.00000
   0.00000
   0.00000
   0.00000
   0.00000
   0.00000
   0.00000
   0.00000
   0.00000
   0.00000
   0.00000
   0.00000
   0.00000
   0.00000
   0.00000
   0.00000
   0.00000
   0.00000
   0.00000
   0.00000
   0.00000
   0.00000
   0.00000
   0.00000
   0.00000
   0.00000
   0.00000
   0.00000
   0.00000
   0.00000
   0.00000
   0.00000
   0.00000
   0.00000
   0.00000
   0.00000
   0.00000
   0.00000
   0.00000
   0.00000
   0.00000
   0.00000
   0.00000
   0.00000
   0.00000
   0.00000
   0.00000
   0.00000
   0.00000
   0.00000
   0.00000
   0.00000
   0.00000
   0.00000
   0.00000
   0.00000
   0.00000
   0.00000
   0.00000
   0.00000
   0.00000
   0.00000
   0.00000
   0.00000
   0.00000
   0.00000
   0.00000
   0.00000
   0.00000
   0.00000
   0.00000
   0.00000
   0.00000
   0.00000
   0.00000
   0.00000
   0.00000
   0.00000
   0.00000
   0.00000
   0.00000
   0.00000
   0.00000
   0.00000
   0.00000
   0.00000
   0.00000
   0.00000
   0.00000
   0.00000
   0.00000
   0.00000
   0.00000
   0.00000
   0.00000
   0.00000
   0.00000
   0.00000
   0.00000
   0.00000
   0.00000
   0.00000
   0.00000
   0.00000
   0.00000
   0.00000
   0.00000
   0.00000
   0.00000
   0.00000
   0.00000
   0.00000
   0.00000
   0.00000
   0.00000
   0.00000
   0.00000
   0.00000
   0.00000
   0.00000
   0.00000
   0.00000
   0.00000
   0.00000
   0.00000
   0.00000
   0.00000
   0.00000
   0.00000
   0.00000
   0.00000
   0.00000
   0.00000
   0.00000
   0.00000
   0.00000
   0.00000
   0.00000
   0.00000
   0.00000
   0.00000
   0.00000
   0.00000
   0.00000
   0.00000
   0.00000
   0.00000
   0.00000
   0.00000
   0.00000
   0.00000
   0.00000
   0.00000
   0.00000
   0.00000
   0.00000
   0.00000
   0.00000
   0.00000
   0.00000
   0.00000
   0.00000
   0.00000
   0.00000
   0.00000
   0.00000
   0.00000
  -0.00129
  -0.00322
  -0.00550
  -0.00821
  -0.01143
  -0.01527
  -0.01987
  -0.02538
  -0.03202
  -0.04003
  -0.04973
  -0.06149
  -0.07578
  -0.09319
  -0.11442
  -0.14033
  -0.17195
  -0.21051
  -0.25743
  -0.31434
  -0.38297
  -0.46513
  -0.56246
  -0.67621
  -0.80675
  -0.95312
  -1.11242
  -1.27932
  -1.44592
  -1.60226
  -1.73779
  -1.84385
  -1.91645
  -1.95812
  -1.97699
  -1.98285
  -1.98157
  -1.97162
  -1.94495
  -1.89180
  -1.80593
  -1.68745
  -1.54251
  -1.38085
  -1.21303
  -1.04832
  -0.89363
  -0.75328
  -0.62934
  -0.52217
  -0.43100
  -0.35438
  -0.29059
  -0.23783
  -0.19439
  -0.15872
  -0.12949
  -0.10554
  -0.08591
  -0.06980
  -0.05657
  -0.04568
  -0.03669
  -0.02925
  -0.02309
  -0.01796
  -0.01367
  -0.01009
  -0.00709
  -0.00456
  -0.00242
  -0.00061
   0.00000
   0.00000
   0.00000
   0.00000
   0.00000
   0.00000
   0.00000
   0.00000
   0.00000
   0.00000
   0.00000
   0.00000
   0.00000
   0.00000
   0.00000
   0.00000
   0.00000
   0.00000
   0.00000
   0.00000
   0.00000
   0.00000
   0.00000
   0.00000
   0.00000
   0.00000
   0.00000
   0.00000
   0.00000
   0.00000
   0.00000
   0.00000
   0.00000
   0.00000
   0.00000
   0.00000
   0.00000
   0.00000
   0.00000
   0.00000
   0.00000
   0.00000
   0.00000
   0.00000
   0.00000
   0.00000
   0.00000
   0.00000
   0.00000
   0.00000
   0.00000
   0.00000
   0.00000
   0.00000
   0.00000
   0.00000
   0.00000
   0.00000
   0.00000
   0.00000
   0.00000
   0.00000
   0.00000
   0.00000
   0.00000
   0.00000
   0.00000
   0.00000
   0.00000
   0.00000
   0.00000
   0.00000
   0.00000
   0.00000
   0.00000
   0.00000
   0.00000
   0.00000
   0.00000
   0.00000
   0.00000
   0.00000
   0.00000
   0.00000
   0.00000
   0.00000
   0.00000
   0.00000
   0.00000
   0.00000
   0.00000
   0.00000
   0.00000
   0.00000
   0.00000
   0.00000
   0.00000
   0.00000
   0.00000
   0.00000
   0.00000
   0.00000
   0.00000
   0.00000
   0.00000
   0.00000
   0.00000
   0.00000
   0.00000
   0.00000
   0.00000
   0.00000
   0.00000
   0.00000
   0.00000
   0.00000
   0.00000
   0.00000
   0.00000
   0.00000
   0.00000
   0.00000
   0.00000
   0.00000
   0.00000
   0.00000
   0.00000
   0.00000
   0.00000
   0.00000
   0.00000
   0.00000
   0.00000
   0.00000
   0.00000
   0.00000
   0.00000
   0.00000
   0.00000
   0.00000
   0.00000
   0.00000
   0.00000
   0.00000
   0.00000
   0.00000
   0.00000
   0.00000
   0.00000
   0.00000
   0.00000
   0.00000
   0.00000
   0.00000
   0.00000
   0.00000
   0.00000
   0.00000
   0.00000
   0.00000
   0.00000
   0.00000
   0.00000
   0.00000
   0.00000
   0.00000
   0.00000
   0.00000
   0.00000
   0.00000
   0.00000
   0.00000
   0.00000
   0.00000
   0.00000
   0.00000
   0.00000
   0.00000
   0.00000
   0.00000
   0.00000
   0.00000
   0.00000
   0.00000
   0.00000
   0.00000
   0.00000
   0.00000
   0.00000
   0.00000
   0.00000
   0.00000
   0.00000
   0.00000
   0.00000
   0.00000
   0.00000
   0.00000
   0.00000
   0.00000
   0.00000
   0.00000
   0.00000
   0.00000
   0.00000
   0.00000
   0.00000
   0.00000
   0.00000
   0.00000
   0.00000
   0.00000
   0.00000
   0.00000
   0.00000
   0.00000
   0.00000
   0.00000
   0.00000
   0.00000
   0.00000
   0.00000
   0.00000
   0.00000
   0.00000
   0.00000
   0.00000
   0.00000
   0.00000
   0.00000
   0.00000
   0.00000
   0.00000
   0.00000
   0.00000
   0.00000
   0.00000
   0.00000
   0.00000
   0.00000
   0.00000
   0.00000
   0.00000
   0.00000
   0.00000
   0.00000
   0.00000
   0.00000
   0.00000
   0.00000
   0.00000
   0.00000
   0.00000
   0.00000
   0.00000
   0.00000
   0.00000
   0.00000
   0.00000
   0.00000
   0.00000
   0.00000
   0.00000
   0.00000
   0.00000
   0.00000
   0.00000
   0.00000
   0.00000
   0.00000
   0.00000
   0.00000
   0.00000
   0.00000
   0.00000
   0.00000
   0.00000
   0.00000
   0.00000
   0.00000
   0.00000
   0.00000
   0.00000
   0.00000
   0.00000
   0.00000
   0.00000
   0.00000
   0.00000
   0.00000
   0.00000
   0.00000
   0.00000
   0.00000
   0.00000
   0.00000
   0.00000
   0.00000
   0.00000
   0.00000
   0.00000
   0.00000
   0.00000
   0.00000
   0.00000
   0.00000
   0.00000
   0.00000
   0.00000
   0.00000
   0.00000
   0.00000
   0.00000
   0.00000
   0.00000
   0.00000
   0.00000
   0.00000
   0.00000
   0.00000
   0.00000
   0.00000
   0.00000
   0.00000
   0.00000
   0.00000
   0.00000
   0.00000
   0.00000
   0.00000
   0.00000
   0.00000
   0.00000
   0.00000
   0.00000
   0.00000
   0.00000
   0.00000
   0.00000
   0.00000
   0.00000
   0.00000
   0.00000
   0.00000
   0.00000
   0.00000
   0.00000
   0.00000
   0.00000
   0.00000
   0.00000
   0.00000
   0.00000
   0.00000
   0.00000
   0.00000
   0.00000
   0.00000
   0.00000
   0.00000
   0.00000
   0.00000
   0.00000
   0.00000
   0.00000
   0.00000
   0.00000
   0.00000
   0.00000
   0.00000
   0.00000
   0.00000
   0.00000
   0.00000
   0.00000
   0.00000
   0.00000
   0.00000
   0.00000
   0.00000
   0.00000
   0.00000
   0.00000
   0.00000
   0.00000
   0.00000
   0.00000
   0.00000
   0.00000
   0.00000
   0.00000
   0.00000
   0.00000
   0.00000
   0.00000
   0.00000
   0.00000
   0.00000
   0.00000
   0.00000
   0.00000
   0.00000
   0.00000
   0.00000
   0.00000
   0.00000
   0.00000
   0.00000
   0.00000
   0.00000
   0.00000
   0.00000
   0.00000
   0.00000
   0.00000
   0.00000
   0.00000
   0.00000
   0.00000
   0.00000
   0.00000
   0.00000
   0.00000
   0.00000
   0.00000
   0.00000
   0.00000
   0.00000
   0.00000
   0.00000
   0.00000
   0.00000
   0.00000
   0.00000
   0.00000
   0.00000
   0.00000
   0.00000
   0.00000
   0.00000
   0.00000
   0.00000
   0.00000
   0.00000
   0.00000
   0.00000
   0.00000
   0.00000
   0.00000
   0.00000
   0.00000
   0.00000
   0.00000
  -0.00125
  -0.00369
  -0.00671
  -0.01046
  -0.01515
  -0.02107
  -0.02856
  -0.03813
  -0.05044
  -0.06636
  -0.08712
  -0.11438
  -0.15043
  -0.19840
  -0.26257
  -0.34875
  -0.46460
  -0.61973
  -0.82500
  -1.08930
  -1.41031
  -1.75042
  -1.98034
  -1.76388
  -0.40302
   2.99233
   7.79946
   9.63224
   6.06103
   1.46931
  -1.10049
  -1.93094
  -1.92313
  -1.62762
  -1.28615
  -0.98439
  -0.74256
  -0.55709
  -0.41773
  -0.31387
  -0.23662
  -0.17902
  -0.13590
  -0.10341
  -0.07878
  -0.05998
  -0.04552
  -0.03432
  -0.02558
  -0.01872
  -0.01329
  -0.00897
  -0.00551
  -0.00273
  -0.00047
   0.00000
   0.00000
   0.00000
   0.00000
   0.00000
   0.00000
   0.00000
   0.00000
   0.00000
   0.00000
   0.00000
   0.00000
   0.00000
   0.00000
   0.00000
   0.00000
   0.00000
   0.00000
   0.00000
   0.00000
   0.00000
   0.00000
   0.00000
   0.00000
   0.00000
  -0.00168
  -0.00443
  -0.00791
  -0.01233
  -0.01801
  -0.02536
  -0.03496
  -0.04764
  -0.06456
  -0.08739
  -0.11855
  -0.16163
  -0.22191
  -0.30728
  -0.42941
  -0.60515
  -0.85689
  -1.20683
  -1.64424
  -1.98335
  -1.28094
   4.31116
  24.75314
  43.31833
  17.07441
   1.76751
  -1.71648
  -1.92484
  -1.51274
  -1.09325
  -0.77290
  -0.54571
  -0.38775
  -0.27798
  -0.20111
  -0.14669
  -0.10769
  -0.07940
  -0.05861
  -0.04316
  -0.03155
  -0.02273
  -0.01597
  -0.01073
  -0.00664
  -0.00343
  -0.00087
   0.00000
   0.00000
   0.00000
   0.00000
   0.00000
   0.00000
   0.00000
   0.00000
   0.00000
   0.00000
   0.00000
   0.00000
   0.00000
   0.00000
   0.00000
   0.00000
   0.00000
   0.00000
   0.00000
   0.00000
   0.00000
   0.00000
   0.00000
   0.00000
   0.00000
   0.00000
   0.00000
   0.00000
   0.00000
   0.00000
   0.00000
   0.00000
   0.00000
   0.00000
   0.00000
   0.00000
   0.00000
   0.00000
   0.00000
   0.00000
   0.00000
   0.00000
   0.00000
   0.00000
   0.00000
   0.00000
   0.00000
   0.00000
   0.00000
   0.00000
   0.00000
   0.00000
   0.00000
   0.00000
   0.00000
   0.00000
   0.00000
   0.00000
   0.00000
   0.00000
   0.00000
   0.00000
   0.00000
   0.00000
   0.00000
   0.00000
   0.00000
   0.00000
   0.00000
   0.00000
   0.00000
   0.00000
   0.00000
   0.00000
   0.00000
   0.00000
   0.00000
   0.00000
   0.00000
   0.00000
   0.00000
   0.00000
   0.00000
   0.00000
   0.00000
   0.00000
   0.00000
   0.00000
   0.00000
   0.00000
   0.00000
   0.00000
   0.00000
   0.00000
   0.00000
   0.00000
   0.00000
   0.00000
   0.00000
   0.00000
   0.00000
   0.00000
   0.00000
   0.00000
   0.00000
   0.00000
   0.00000
   0.00000
   0.00000
   0.00000
   0.00000
   0.00000
   0.00000
   0.00000
   0.00000
   0.00000
   0.00000
   0.00000
   0.00000
   0.00000
   0.00000
   0.00000
   0.00000
   0.00000
   0.00000
   0.00000
   0.00000
   0.00000
   0.00000
   0.00000
   0.00000
   0.00000
   0.00000
   0.00000
   0.00000
   0.00000
   0.00000
   0.00000
   0.00000
   0.00000
   0.00000
   0.00000
   0.00000
   0.00000
   0.00000
   0.00000
   0.00000
   0.00000
   0.00000
   0.00000
   0.00000
   0.00000
   0.00000
   0.00000
   0.00000
   0.00000
   0.00000
   0.00000
   0.00000
   0.00000
   0.00000
   0.00000
   0.00000
   0.00000
   0.00000
   0.00000
   0.00000
   0.00000
   0.00000
   0.00000
   0.00000
   0.00000
   0.00000
   0.00000
   0.00000
   0.00000
   0.00000
   0.00000
   0.00000
   0.00000
   0.00000
   0.00000
   0.00000
   0.00000
   0.00000
   0.00000
   0.00000
   0.00000
   0.00000
   0.00000
   0.00000
   0.00000
   0.00000
   0.00000
   0.00000
   0.00000
   0.00000
   0.00000
   0.00000
   0.00000
   0.00000
   0.00000
   0.00000
   0.00000
   0.00000
   0.00000
   0.00000
   0.00000
   0.00000
   0.00000
   0.00000
   0.00000
   0.00000
   0.00000
   0.00000
   0.00000
   0.00000
   0.00000
   0.00000
   0.00000
   0.00000
   0.00000
   0.00000
   0.00000
   0.00000
   0.00000
   0.00000
   0.00000
   0.00000
   0.00000
   0.00000
   0.00000
   0.00000
   0.00000
   0.00000
   0.00000
   0.00000
   0.00000
   0.00000
   0.00000
   0.00000
   0.00000
   0.00000
   0.00000
   0.00000
   0.00000
   0.00000
   0.00000
   0.00000
   0.00000
   0.00000
   0.00000
   0.00000
   0.00000
   0.00000
   0.00000
   0.00000
   0.00000
   0.00000
   0.00000
   0.00000
   0.00000
   0.00000
   0.00000
   0.00000
   0.00000
   0.00000
   0.00000
   0.00000
   0.00000
   0.00000
   0.00000
   0.00000
   0.00000
   0.00000
   0.00000
   0.00000
   0.00000
   0.00000
   0.00000
   0.00000
   0.00000
   0.00000
   0.00000
   0.00000
   0.00000
   0.00000
   0.00000
   0.00000
   0.00000
   0.00000
   0.00000
   0.00000
   0.00000
   0.00000
   0.00000
   0.00000
   0.00000
   0.00000
   0.00000
   0.00000
   0.00000
   0.00000
   0.00000
   0.00000
   0.00000
   0.00000
   0.00000
   0.00000
   0.00000
   0.00000
   0.00000
   0.00000
   0.00000
   0.00000
   0.00000
   0.00000
   0.00000
   0.00000
   0.00000
   0.00000
   0.00000
   0.00000
   0.00000
   0.00000
   0.00000
   0.00000
   0.00000
   0.00000
   0.00000
   0.00000
   0.00000
   0.00000
   0.00000
   0.00000
   0.00000
   0.00000
   0.00000
   0.00000
   0.00000
   0.00000
   0.00000
   0.00000
   0.00000
   0.00000
   0.00000
   0.00000
   0.00000
   0.00000
   0.00000
   0.00000
   0.00000
   0.00000
   0.00000
   0.00000
   0.00000
   0.00000
   0.00000
  -0.00009
  -0.00216
  -0.00452
  -0.00712
  -0.01002
  -0.01322
  -0.01677
  -0.02071
  -0.02507
  -0.02991
  -0.03527
  -0.04121
  -0.04779
  -0.05507
  -0.06311
  -0.07200
  -0.08180
  -0.09260
  -0.10447
  -0.11751
  -0.13179
  -0.14741
  -0.16444
  -0.18297
  -0.20307
  -0.22484
  -0.24832
  -0.27359
  -0.30072
  -0.32976
  -0.36077
  -0.39381
  -0.42895
  -0.46624
  -0.50576
  -0.54758
  -0.59180
  -0.63847
  -0.68766
  -0.73943
  -0.79379
  -0.85067
  -0.90998
  -0.97151
  -1.03493
  -1.09981
  -1.16558
  -1.23153
  -1.29684
  -1.36060
  -1.42183
  -1.47953
  -1.53277
  -1.58066
  -1.62249
  -1.65768
  -1.68587
  -1.70681
  -1.72041
  -1.72665
  -1.72554
  -1.71708
  -1.70124
  -1.67799
  -1.64732
  -1.60928
  -1.56409
  -1.51209
  -1.45385
  -1.39011
  -1.32177
  -1.24986
  -1.17547
  -1.09971
  -1.02366
  -0.94829
  -0.87449
  -0.80340
  -0.73583
  -0.67155
  -0.61091
  -0.55410
  -0.50126
  -0.45237
  -0.40740
  -0.36621
  -0.32864
  -0.29449
  -0.26356
  -0.23560
  -0.21040
  -0.18773
  -0.16736
  -0.14909
  -0.13272
  -0.11805
  -0.10493
  -0.09320
  -0.08270
  -0.07332
  -0.06493
  -0.05743
  -0.05089
  -0.04586
  -0.04154
  -0.03789
  -0.03485
  -0.03237
  -0.03042
  -0.02897
  -0.02800
  -0.02748
  -0.02741
  -0.02776
  -0.02854
  -0.02974
  -0.03137
  -0.03343
  -0.03592
  -0.03885
  -0.04225
  -0.04673
  -0.05191
  -0.05751
  -0.06354
  -0.07002
  -0.07698
  -0.08440
  -0.09231
  -0.10069
  -0.10954
  -0.11884
  -0.12855
  -0.13864
  -0.14904
  -0.15971
  -0.17054
  -0.18146
  -0.19236
  -0.20311
  -0.21359
  -0.22367
  -0.23322
  -0.24207
  -0.25011
  -0.25720
  -0.26322
  -0.26807
  -0.27165
  -0.27390
  -0.27479
  -0.27428
  -0.27240
  -0.26918
  -0.26468
  -0.25897
  -0.25216
  -0.24437
  -0.23573
  -0.22636
  -0.21641
  -0.20602
  -0.19533
  -0.18447
  -0.17354
  -0.16267
  -0.15196
  -0.14147
  -0.13129
  -0.12147
  -0.11206
  -0.10308
  -0.09457
  -0.08653
  -0.07897
  -0.07189
  -0.06528
  -0.05912
  -0.05341
  -0.04812
  -0.04323
  -0.03872
  -0.03457
  -0.03076
  -0.02725
  -0.02404
  -0.02110
  -0.01841
  -0.01594
  -0.01369
  -0.01163
  -0.00975
  -0.00803
  -0.00646
  -0.00503
  -0.00372
  -0.00253
  -0.00144
  -0.00044
   0.00000
   0.00000
   0.00000
   0.00000
   0.00000
   0.00000
   0.00000
   0.00000
   0.00000
   0.00000
   0.00000
   0.00000
   0.00000
   0.00000
   0.00000
   0.00000
   0.00000
   0.00000
   0.00000
   0.00000
   0.00000
   0.00000
   0.00000
   0.00000
   0.00000
   0.00000
   0.00000
   0.00000
   0.00000
   0.00000
   0.00000
   0.00000
   0.00000
   0.00000
   0.00000
   0.00000
   0.00000
   0.00000
   0.00000
   0.00000
   0.00000
   0.00000
   0.00000
   0.00000
   0.00000
   0.00000
   0.00000
   0.00000
   0.00000
   0.00000
   0.00000
   0.00000
   0.00000
   0.00000
   0.00000
   0.00000
   0.00000
   0.00000
   0.00000
   0.00000
   0.00000
   0.00000
   0.00000
   0.00000
   0.00000
   0.00000
   0.00000
   0.00000
   0.00000
   0.00000
   0.00000
   0.00000
   0.00000
   0.00000
   0.00000
   0.00000
   0.00000
   0.00000
   0.00000
   0.00000
   0.00000
   0.00000
   0.00000
   0.00000
   0.00000
   0.00000
   0.00000
   0.00000
   0.00000
   0.00000
   0.00000
   0.00000
   0.00000
   0.00000
   0.00000
   0.00000
   0.00000
   0.00000
   0.00000
   0.00000
   0.00000
   0.00000
   0.00000
   0.00000
   0.00000
   0.00000
   0.00000
   0.00000
   0.00000
   0.00000
   0.00000
   0.00000
   0.00000
   0.00000
   0.00000
   0.00000
   0.00000
   0.00000
   0.00000
   0.00000
   0.00000
   0.00000
   0.00000
   0.00000
   0.00000
   0.00000
   0.00000
   0.00000
   0.00000
   0.00000
   0.00000
   0.00000
   0.00000
   0.00000
   0.00000
   0.00000
   0.00000
   0.00000
   0.00000
   0.00000
   0.00000
   0.00000
   0.00000
   0.00000
   0.00000
   0.00000
   0.00000
   0.00000
   0.00000
   0.00000
   0.00000
   0.00000
   0.00000
   0.00000
   0.00000
   0.00000
   0.00000
   0.00000
   0.00000
   0.00000
   0.00000
   0.00000
   0.00000
   0.00000
   0.00000
   0.00000
   0.00000
   0.00000
   0.00000
   0.00000
   0.00000
   0.00000
   0.00000
   0.00000
   0.00000
   0.00000
   0.00000
   0.00000
   0.00000
   0.00000
   0.00000
   0.00000
   0.00000
   0.00000
   0.00000
   0.00000
   0.00000
   0.00000
   0.00000
   0.00000
   0.00000
   0.00000
   0.00000
   0.00000
   0.00000
   0.00000
   0.00000
   0.00000
   0.00000
   0.00000
   0.00000
   0.00000
   0.00000
   0.00000
   0.00000
   0.00000
   0.00000
   0.00000
   0.00000
   0.00000
   0.00000
   0.00000
   0.00000
   0.00000
   0.00000
   0.00000
   0.00000
   0.00000
   0.00000
   0.00000
   0.00000
   0.00000
   0.00000
   0.00000
   0.00000
   0.00000
   0.00000
   0.00000
   0.00000
   0.00000
   0.00000
   0.00000
   0.00000
   0.00000
   0.00000
   0.00000
   0.00000
   0.00000
   0.00000
   0.00000
   0.00000
   0.00000
   0.00000
   0.00000
   0.00000
   0.00000
   0.00000
   0.00000
   0.00000
   0.00000
   0.00000
   0.00000
   0.00000
   0.00000
   0.00000
   0.00000
   0.00000
   0.00000
   0.00000
   0.00000
   0.00000
   0.00000
   0.00000
   0.00000
   0.00000
   0.00000
   0.00000
   0.00000
   0.00000
   0.00000
   0.00000
   0.00000
   0.00000
   0.00000
   0.00000
   0.00000
   0.00000
   0.00000
   0.00000
   0.00000
   0.00000
   0.00000
   0.00000
   0.00000
   0.00000
   0.00000
   0.00000
   0.00000
   0.00000
   0.00000
   0.00000
   0.00000
   0.00000
   0.00000
   0.00000
   0.00000
   0.00000
   0.00000
   0.00000
   0.00000
   0.00000
   0.00000
   0.00000
   0.00000
   0.00000
   0.00000
   0.00000
   0.00000
   0.00000
   0.00000
   0.00000
   0.00000
   0.00000
   0.00000
   0.00000
   0.00000
   0.00000
   0.00000
   0.00000
   0.00000
   0.00000
   0.00000
   0.00000
   0.00000
   0.00000
   0.00000
   0.00000
   0.00000
   0.00000
   0.00000
   0.00000
   0.00000
   0.00000
   0.00000
   0.00000
   0.00000
   0.00000
   0.00000
   0.00000
   0.00000
   0.00000
   0.00000
   0.00000
   0.00000
   0.00000
   0.00000
   0.00000
   0.00000
   0.00000
   0.00000
   0.00000
   0.00000
   0.00000
   0.00000
   0.00000
   0.00000
   0.00000
   0.00000
   0.00000
   0.00000
   0.00000
   0.00000
   0.00000
   0.00000
   0.00000
   0.00000
   0.00000
   0.00000
   0.00000
   0.00000
   0.00000
   0.00000
   0.00000
   0.00000
   0.00000
   0.00000
   0.00000
   0.00000
   0.00000
   0.00000
   0.00000
   0.00000
   0.00000
   0.00000
   0.00000
   0.00000
   0.00000
   0.00000
   0.00000
   0.00000
   0.00000
   0.00000
   0.00000
   0.00000
   0.00000
   0.00000
   0.00000
   0.00000
   0.00000
   0.00000
   0.00000
   0.00000
   0.00000
   0.00000
   0.00000
   0.00000
   0.00000
   0.00000
   0.00000
   0.00000
   0.00000
   0.00000
   0.00000
   0.00000
   0.00000
   0.00000
   0.00000
   0.00000
   0.00000
   0.00000
   0.00000
   0.00000
   0.00000
   0.00000
   0.00000
   0.00000
   0.00000
   0.00000
   0.00000
   0.00000
   0.00000
   0.00000
   0.00000
   0.00000
   0.00000
   0.00000
   0.00000
   0.00000
   0.00000
   0.00000
   0.00000
   0.00000
   0.00000
   0.00000
   0.00000
   0.00000
   0.00000
   0.00000
   0.00000
   0.00000
   0.00000
   0.00000
   0.00000
   0.00000
   0.00000
   0.00000
   0.00000
   0.00000
   0.00000
   0.00000
   0.00000
   0.00000
   0.00000
   0.00000
   0.00000
   0.00000
   0.00000
   0.00000
   0.00000
   0.00000
   0.00000
   0.00000
   0.00000
   0.00000
   0.00000
   0.00000
   0.00000
   0.00000
   0.00000
   0.00000
   0.00000
   0.00000
   0.00000
   0.00000
  -0.00044
  -0.00102
  -0.00163
  -0.00225
  -0.00289
  -0.00354
  -0.00421
  -0.00489
  -0.00557
  -0.00627
  -0.00697
  -0.00767
  -0.00838
  -0.00907
  -0.00976
  -0.01043
  -0.01109
  -0.01173
  -0.01235
  -0.01293
  -0.01348
  -0.01400
  -0.01447
  -0.01490
  -0.01528
  -0.01561
  -0.01589
  -0.01610
  -0.01626
  -0.01636
  -0.01640
  -0.01638
  -0.01630
  -0.01616
  -0.01596
  -0.01570
  -0.01538
  -0.01502
  -0.01460
  -0.01414
  -0.01364
  -0.01309
  -0.01252
  -0.01191
  -0.01128
  -0.01063
  -0.00996
  -0.00927
  -0.00858
  -0.00788
  -0.00718
  -0.00647
  -0.00578
  -0.00508
  -0.00440
  -0.00373
  -0.00307
  -0.00243
  -0.00180
  -0.00120
  -0.00061
  -0.00004
   0.00000
   0.00000
   0.00000
   0.00000
   0.00000
   0.00000
   0.00000
   0.00000
   0.00000
   0.00000
   0.00000
   0.00000
   0.00000
   0.00000
   0.00000
   0.00000
   0.00000
   0.00000
   0.00000
   0.00000
   0.00000
   0.00000
   0.00000
   0.00000
   0.00000
   0.00000
   0.00000
   0.00000
   0.00000
   0.00000
   0.00000
   0.00000
   0.00000
   0.00000
   0.00000
   0.00000
   0.00000
   0.00000
   0.00000
   0.00000
   0.00000
   0.00000
   0.00000
   0.00000
   0.00000
   0.00000
   0.00000
   0.00000
   0.00000
   0.00000
   0.00000
   0.00000
   0.00000
   0.00000
   0.00000
   0.00000
   0.00000
   0.00000
   0.00000
   0.00000
   0.00000
   0.00000
   0.00000
   0.00000
   0.00000
   0.00000
   0.00000
   0.00000
   0.00000
   0.00000
   0.00000
   0.00000
   0.00000
   0.00000
   0.00000
   0.00000
   0.00000
   0.00000
   0.00000
   0.00000
   0.00000
   0.00000
   0.00000
   0.00000
   0.00000
   0.00000
   0.00000
   0.00000
   0.00000
   0.00000
   0.00000
   0.00000
   0.00000
   0.00000
   0.00000
   0.00000
   0.00000
   0.00000
   0.00000
   0.00000
   0.00000
   0.00000
   0.00000
   0.00000
   0.00000
   0.00000
   0.00000
   0.00000
   0.00000
   0.00000
   0.00000
   0.00000
   0.00000
   0.00000
   0.00000
   0.00000
   0.00000
   0.00000
   0.00000
   0.00000
   0.00000
   0.00000
   0.00000
   0.00000
   0.00000
   0.00000
   0.00000
   0.00000
   0.00000
   0.00000
   0.00000
   0.00000
   0.00000
   0.00000
   0.00000
   0.00000
   0.00000
   0.00000
   0.00000
  -0.00023
  -0.00110
  -0.00201
  -0.00295
  -0.00391
  -0.00488
  -0.00585
  -0.00682
  -0.00777
  -0.00868
  -0.00955
  -0.01035
  -0.01108
  -0.01171
  -0.01224
  -0.01266
  -0.01295
  -0.01312
  -0.01315
  -0.01305
  -0.01282
  -0.01246
  -0.01198
  -0.01139
  -0.01071
  -0.00994
  -0.00911
  -0.00822
  -0.00728
  -0.00632
  -0.00535
  -0.00438
  -0.00341
  -0.00246
  -0.00154
  -0.00065
   0.00000
   0.00000
   0.00000
   0.00000
   0.00000
   0.00000
   0.00000
   0.00000
   0.00000
   0.00000
   0.00000
   0.00000
   0.00000
   0.00000
   0.00000
   0.00000
   0.00000
   0.00000
   0.00000
   0.00000
   0.00000
   0.00000
   0.00000
   0.00000
   0.00000
   0.00000
   0.00000
   0.00000
   0.00000
   0.00000
   0.00000
   0.00000
   0.00000
   0.00000
   0.00000
   0.00000
   0.00000
   0.00000
   0.00000
   0.00000
   0.00000
   0.00000
   0.00000
   0.00000
   0.00000
   0.00000
   0.00000
  -0.00073
  -0.00238
  -0.00423
  -0.00631
  -0.00864
  -0.01159
  -0.01481
  -0.01829
  -0.02201
  -0.02595
  -0.03005
  -0.03426
  -0.03850
  -0.04267
  -0.04666
  -0.05036
  -0.05366
  -0.05644
  -0.05862
  -0.06013
  -0.06093
  -0.06102
  -0.06042
  -0.05921
  -0.05746
  -0.05529
  -0.05281
  -0.05014
  -0.04740
  -0.04468
  -0.04207
  -0.03965
  -0.03747
  -0.03557
  -0.03397
  -0.03269
  -0.03173
  -0.03109
  -0.03077
  -0.03076
  -0.03135
  -0.03325
  -0.03527
  -0.03742
  -0.03971
  -0.04217
  -0.04480
  -0.04762
  -0.05066
  -0.05395
  -0.05751
  -0.06137
  -0.06557
  -0.07015
  -0.07517
  -0.08067
  -0.08674
  -0.09343
  -0.10084
  -0.10908
  -0.11826
  -0.12852
  -0.14002
  -0.15295
  -0.16755
  -0.18405
  -0.20278
  -0.22409
  -0.24874
  -0.27709
  -0.30951
  -0.34665
  -0.38926
  -0.43818
  -0.49439
  -0.55891
  -0.63289
  -0.71743
  -0.81361
  -0.92225
  -1.04375
  -1.17768
  -1.32236
  -1.47422
  -1.62701
  -1.77111
  -1.89304
  -1.97605
  -2.00253
  -1.95953
  -1.84738
  -1.68860
  -1.53013
  -1.43168
  -1.43393
  -1.53814
  -1.70332
  -1.86962
  -1.98703
  -2.03060
  -1.99956
  -1.90819
  -1.77643
  -1.62360
  -1.46539
  -1.31314
  -1.17419
  -1.05274
  -0.95071
  -0.86846
  -0.80529
  -0.75986
  -0.73032
  -0.71446
  -0.70976
  -0.71341
  -0.72235
  -0.73342
  -0.74350
  -0.74970
  -0.74961
  -0.74146
  -0.72427
  -0.69790
  -0.66301
  -0.62093
  -0.57347
  -0.52267
  -0.47058
  -0.41905
  -0.36961
  -0.32338
  -0.28108
  -0.24309
  -0.20984
  -0.18098
  -0.15604
  -0.13466
  -0.11643
  -0.10095
  -0.08785
  -0.07676
  -0.06737
  -0.05942
  -0.05266
  -0.04691
  -0.04198
  -0.03775
  -0.03409
  -0.03090
  -0.02811
  -0.02649
  -0.02573
  -0.02497
  -0.02422
  -0.02348
  -0.02275
  -0.02202
  -0.02131
  -0.02059
  -0.01989
  -0.01919
  -0.01849
  -0.01781
  -0.01713
  -0.01645
  -0.01579
  -0.01513
  -0.01448
  -0.01384
  -0.01321
  -0.01258
  -0.01197
  -0.01136
  -0.01077
  -0.01018
  -0.00961
  -0.00905
  -0.00849
  -0.00795
  -0.00742
  -0.00690
  -0.00639
  -0.00589
  -0.00540
  -0.00493
  -0.00446
  -0.00401
  -0.00356
  -0.00313
  -0.00271
  -0.00230
  -0.00190
  -0.00151
  -0.00113
  -0.00076
  -0.00040
  -0.00005
   0.00000
   0.00000
   0.00000
   0.00000
   0.00000
   0.00000
   0.00000
   0.00000
   0.00000
   0.00000
   0.00000
   0.00000
   0.00000
   0.00000
   0.00000
   0.00000
   0.00000
   0.00000
   0.00000
   0.00000
   0.00000
   0.00000
  -0.00118
  -0.00296
  -0.00505
  -0.00751
  -0.01042
  -0.01388
  -0.01801
  -0.02296
  -0.02892
  -0.03614
  -0.04492
  -0.05566
  -0.06886
  -0.08521
  -0.10555
  -0.13102
  -0.16314
  -0.20389
  -0.25594
  -0.32281
  -0.40919
  -0.52124
  -0.66673
  -0.85482
  -1.09435
  -1.38764
  -1.71196
  -1.96547
  -1.81523
  -0.30607
   4.78211
  15.40862
  22.42894
  13.84915
   3.81480
  -0.64037
  -1.88117
  -1.94454
  -1.67048
  -1.34700
  -1.06057
  -0.82904
  -0.64805
  -0.50856
  -0.40154
  -0.31941
  -0.25628
  -0.20763
  -0.17007
  -0.14107
  -0.11873
  -0.10164
  -0.08873
  -0.07921
  -0.07248
  -0.06821
  -0.06689
  -0.06750
  -0.06989
  -0.07399
  -0.07979
  -0.08733
  -0.09669
  -0.10800
  -0.12146
  -0.13781
  -0.15760
  -0.18026
  -0.20626
  -0.23615
  -0.27060
  -0.31037
  -0.35639
  -0.40973
  -0.47169
  -0.54374
  -0.62762
  -0.72532
  -0.83906
  -0.97121
  -1.12414
  -1.29978
  -1.49882
  -1.71917
  -1.95294
  -2.18088
  -2.36238
  -2.41904
  -2.21246
  -1.53349
  -0.16889
   1.81938
   3.63519
   3.93610
   2.31428
  -0.11750
  -2.15574
  -3.36112
  -3.70849
  -3.11251
  -1.23883
   2.21476
   6.30151
   7.93500
   5.52044
   1.73114
  -0.94515
  -2.21670
  -2.60057
  -2.54908
  -2.31955
  -2.03745
  -1.75854
  -1.50491
  -1.28311
  -1.09294
  -0.93149
  -0.79503
  -0.67987
  -0.58264
  -0.50043
  -0.43076
  -0.37157
  -0.32114
  -0.27805
  -0.24111
  -0.20936
  -0.18199
  -0.15832
  -0.13779
  -0.11994
  -0.10438
  -0.09077
  -0.07885
  -0.06837
  -0.05915
  -0.05101
  -0.04381
  -0.03743
  -0.03176
  -0.02671
  -0.02221
  -0.01819
  -0.01459
  -0.01136
  -0.00846
  -0.00597
  -0.00446
  -0.00310
  -0.00188
  -0.00078
   0.00000
   0.00000
   0.00000
   0.00000
   0.00000
   0.00000
   0.00000
   0.00000
   0.00000
   0.00000
   0.00000
   0.00000
   0.00000
   0.00000
   0.00000
   0.00000
   0.00000
   0.00000
   0.00000
   0.00000
   0.00000
   0.00000
   0.00000
   0.00000
   0.00000
   0.00000
   0.00000
   0.00000
   0.00000
   0.00000
   0.00000
   0.00000
   0.00000
   0.00000
   0.00000
   0.00000
   0.00000
   0.00000
   0.00000
   0.00000
   0.00000
   0.00000
   0.00000
   0.00000
   0.00000
   0.00000
   0.00000
   0.00000
   0.00000
   0.00000
   0.00000
   0.00000
   0.00000
   0.00000
   0.00000
   0.00000
